0.1	8.000185	333	
0.2	8.023104	381	
0.3	8.046090	335	
0.4	8.069142	339	
0.5	8.092260	353	
0.6	8.115446	308	
0.7	8.138698	302	
0.8	8.162018	303	
0.9	8.185406	276	
1.0	8.208861	265	
1.1	8.232384	237	
1.2	8.255975	229	
1.3	8.279716	230	
1.4	8.303444	240	
1.5	8.327241	201	
1.6	8.351107	193	
1.7	8.375042	148	
1.8	8.399046	192	
1.9	8.423120	165	
2.0	8.447264	135	
2.1	8.471395	129	
2.2	8.495678	116	
2.3	8.520032	105	
2.4	8.544456	125	
2.5	8.568951	133	
2.6	8.593517	152	
2.7	8.618239	133	
2.8	8.642948	110	
2.9	8.667729	117	
3.0	8.692581	147	
3.1	8.717506	132	
3.2	8.742417	141	
3.3	8.767486	152	
3.4	8.792627	136	
3.5	8.817841	142	
3.6	8.843129	117	
3.7	8.868577	137	
3.8	8.894012	147	
3.9	8.919521	134	
4.0	8.945103	149	
4.1	8.970672	137	
4.2	8.996403	102	
4.3	9.022208	131	
4.4	9.048088	131	
4.5	9.074133	140	
4.6	9.100164	114	
4.7	9.126271	126	
4.8	9.152364	142	
4.9	9.178622	121	
5.0	9.204956	137	
5.1	9.231367	121	
5.2	9.257945	173	
5.3	9.284510	142	
5.4	9.311152	148	
5.5	9.337779	150	
5.6	9.364575	140	
5.7	9.391449	165	
5.8	9.418494	148	
5.9	9.445525	164	
6.0	9.472634	167	
6.1	9.499730	181	
6.2	9.526996	172	
6.3	9.554342	165	
6.4	9.581861	179	
6.5	9.609367	181	
6.6	9.636858	165	
6.7	9.664523	174	
6.8	9.692268	158	
6.9	9.720189	182	
7.0	9.748097	175	
7.1	9.776086	165	
7.2	9.804060	182	
7.3	9.832211	169	
7.4	9.860540	147	
7.5	9.888856	177	
7.6	9.917254	170	
7.7	9.945637	152	
7.8	9.974199	179	
7.9	10.002943	194	
8.0	10.031673	155	
8.1	10.060388	156	
8.2	10.089284	172	
8.3	10.118363	174	
8.4	10.147429	163	
8.5	10.176580	142	
8.6	10.205715	174	
8.7	10.235034	163	
8.8	10.264539	163	
8.9	10.294030	151	
9.0	10.323506	169	
9.1	10.353168	167	
9.2	10.383018	182	
9.3	10.412855	124	
9.4	10.442675	164	
9.5	10.472684	156	
9.6	10.502883	140	
9.7	10.533069	180	
9.8	10.563239	159	
9.9	10.593599	169	
10.0	10.624151	151	
10.1	10.654690	161	
10.2	10.685213	127	
10.3	10.715928	146	
10.4	10.746839	174	
10.5	10.777630	143	
10.6	10.808615	148	
10.7	10.839795	141	
10.8	10.870963	140	
10.9	10.902114	147	
11.0	10.933462	143	
11.1	10.965008	170	
11.2	10.996541	168	
11.3	11.028057	138	
11.4	11.059879	151	
11.5	11.091688	141	
11.6	11.123481	155	
11.7	11.155474	121	
11.8	11.187671	142	
11.9	11.219744	128	
12.0	11.252018	161	
12.1	11.284496	149	
12.2	11.316961	136	
12.3	11.349409	142	
12.4	11.382172	149	
12.5	11.414922	132	
12.6	11.447655	160	
12.7	11.480706	172	
12.8	11.513743	159	
12.9	11.546764	156	
13.0	11.579993	188	
13.1	11.613433	181	
13.2	11.646745	207	
13.3	11.680265	210	
13.4	11.713999	187	
13.5	11.747604	183	
13.6	11.781419	239	
13.7	11.815449	277	
13.8	11.849349	270	
13.9	11.883462	296	
14.0	11.917792	274	
14.1	11.951990	345	
14.2	11.986402	359	
14.3	12.021035	381	
14.4	12.055533	490	
14.5	12.090366	525	
14.6	12.125186	653	
14.7	12.159988	698	
14.8	12.195128	823	
14.9	12.230254	976	
15.0	12.265362	1014	
15.1	12.300811	1198	
15.2	12.336127	1281	
15.3	12.371663	1479	
15.4	12.407426	1703	
15.5	12.443052	1846	
15.6	12.479022	2000	
15.7	12.514979	2155	
15.8	12.550918	2371	
15.9	12.587206	2627	
16.0	12.623358	2742	
16.1	12.659735	3061	
16.2	12.696344	3106	
16.3	12.732813	3455	
16.4	12.769635	3517	
16.5	12.806444	3838	
16.6	12.843234	4023	
16.7	12.880382	4384	
16.8	12.917389	4585	
16.9	12.954753	4848	
17.0	12.992105	5385	
17.1	13.029437	5489	
17.2	13.067132	5761	
17.3	13.104685	6213	
17.4	13.142601	6431	
17.5	13.180503	6844	
17.6	13.218386	7035	
17.7	13.256637	7698	
17.8	13.294745	7774	
17.9	13.333219	8209	
18.0	13.371681	8396	
18.1	13.410123	8669	
18.2	13.448939	9073	
18.3	13.487608	9004	
18.4	13.526652	9488	
18.5	13.565550	9548	
18.6	13.604690	9907	
18.7	13.644081	9604	
18.8	13.683320	9858	
18.9	13.722941	9975	
19.0	13.762413	9977	
19.1	13.802266	10055	
19.2	13.841971	9800	
19.3	13.882057	9990	
19.4	13.922131	9733	
19.5	13.962185	9698	
19.6	14.002628	9323	
19.7	14.042919	9222	
19.8	14.083599	8982	
19.9	14.124128	8743	
20.0	14.165047	8620	
20.1	14.205816	8257	
20.2	14.246838	7835	
20.3	14.288123	7228	
20.4	14.329249	6876	
20.5	14.370776	6466	
20.6	14.412146	6067	
20.7	14.453917	5544	
20.8	14.495531	5176	
20.9	14.537547	4930	
21.0	14.579408	4369	
21.1	14.621671	4035	
21.2	14.663780	3699	
21.3	14.706292	3413	
21.4	14.748649	2918	
21.5	14.791269	2655	
21.6	14.834162	2581	
21.7	14.876891	2331	
21.8	14.920036	2232	
21.9	14.963018	1994	
22.0	15.006417	1681	
22.1	15.049653	1472	
22.2	15.093309	1372	
22.3	15.136801	1272	
22.4	15.180713	1086	
22.5	15.224462	910	
22.6	15.268635	883	
22.7	15.312642	825	
22.8	15.357075	688	
22.9	15.401343	597	
23.0	15.446039	568	
23.1	15.490569	519	
23.2	15.535528	523	
23.3	15.580322	404	
23.4	15.625547	412	
23.5	15.670605	417	
23.6	15.716098	395	
23.7	15.761423	346	
23.8	15.807185	336	
23.9	15.852778	334	
24.0	15.898811	320	
24.1	15.944674	289	
24.2	15.990979	291	
24.3	16.037114	289	
24.4	16.083693	278	
24.5	16.130101	271	
24.6	16.176956	262	
24.7	16.223639	312	
24.8	16.270772	307	
24.9	16.317731	289	
25.0	16.365144	253	
25.1	16.412380	274	
25.2	16.460075	280	
25.3	16.507591	297	
25.4	16.555569	345	
25.5	16.603525	280	
25.6	16.651470	314	
25.7	16.699870	285	
25.8	16.748098	344	
25.9	16.796787	312	
26.0	16.845300	329	
26.1	16.894278	328	
26.2	16.943079	338	
26.3	16.992349	331	
26.4	17.041438	356	
26.5	17.091001	337	
26.6	17.140381	374	
26.7	17.190240	361	
26.8	17.239912	395	
26.9	17.289902	378	
27.0	17.340201	397	
27.1	17.390322	418	
27.2	17.440921	414	
27.3	17.491338	399	
27.4	17.542239	409	
27.5	17.592954	428	
27.6	17.644160	374	
27.7	17.695175	404	
27.8	17.746517	400	
27.9	17.798176	451	
28.0	17.849652	422	
28.1	17.901619	420	
28.2	17.953400	376	
28.3	18.005679	415	
28.4	18.057766	422	
28.5	18.110358	399	
28.6	18.162927	419	
28.7	18.215485	370	
28.8	18.268543	379	
28.9	18.321412	401	
29.0	18.374789	392	
29.1	18.427970	346	
29.2	18.481667	384	
29.3	18.535341	332	
29.4	18.589004	334	
29.5	18.643177	320	
29.6	18.697157	312	
29.7	18.751657	298	
29.8	18.805956	298	
29.9	18.860603	313	
30.0	18.915586	287	
30.1	18.970377	253	
30.2	19.025692	245	
30.3	19.080806	214	
30.4	19.136455	214	
30.5	19.192079	243	
30.6	19.247693	224	
30.7	19.303836	194	
30.8	19.359778	220	
30.9	19.416261	179	
31.0	19.472721	187	
31.1	19.529169	177	
31.2	19.586155	173	
31.3	19.642938	165	
31.4	19.700268	169	
31.5	19.757576	166	
31.6	19.814872	161	
31.7	19.872715	143	
31.8	19.930350	153	
31.9	19.988353	133	
32.0	20.046712	134	
32.1	20.104869	128	
32.2	20.163582	114	
32.3	20.222083	143	
32.4	20.280958	140	
32.5	20.340196	112	
32.6	20.399227	143	
32.7	20.458825	129	
32.8	20.518401	110	
32.9	20.577967	128	
33.0	20.638098	117	
33.1	20.698016	106	
33.2	20.758316	109	
33.3	20.818987	106	
33.4	20.879448	99	
33.5	20.940488	92	
33.6	21.001507	117	
33.7	21.062516	97	
33.8	21.124104	110	
33.9	21.185474	97	
34.0	21.247235	116	
34.1	21.309377	107	
34.2	21.371303	101	
34.3	21.433824	102	
34.4	21.496322	96	
34.5	21.558811	96	
34.6	21.621894	96	
34.7	21.684957	99	
34.8	21.748012	79	
34.9	21.811663	95	
35.0	21.875091	93	
35.1	21.938924	110	
35.2	22.003149	100	
35.3	22.067152	91	
35.4	22.131562	91	
35.5	22.196367	87	
35.6	22.260951	100	
35.7	22.326153	91	
35.8	22.391333	77	
35.9	22.456504	78	
36.0	22.522296	77	
36.1	22.588066	83	
36.2	22.653828	90	
36.3	22.720215	90	
36.4	22.786582	87	
36.5	22.852941	93	
36.6	22.919929	85	
36.7	22.986897	68	
36.8	23.053859	80	
36.9	23.121454	69	
37.0	23.189030	74	
37.1	23.256601	88	
37.2	23.324809	98	
37.3	23.392998	79	
37.4	23.461182	70	
37.5	23.530010	73	
37.6	23.598819	50	
37.7	23.667623	73	
37.8	23.737076	68	
37.9	23.806511	69	
38.0	23.875940	61	
38.1	23.946024	65	
38.2	24.016091	71	
38.3	24.086151	57	
38.4	24.156874	66	
38.5	24.227578	60	
38.6	24.298275	55	
38.7	24.369643	63	
38.8	24.440991	63	
38.9	24.512331	49	
39.0	24.584351	64	
39.1	24.656349	63	
39.2	24.728338	60	
39.3	24.800782	57	
39.4	24.873669	80	
39.5	24.946314	61	
39.6	25.019418	59	
39.7	25.092973	66	
39.8	25.166278	56	
39.9	25.240050	64	
40.0	25.314278	66	
40.1	25.388489	40	
40.2	25.462696	47	
40.3	25.537605	41	
40.4	25.612494	35	
40.5	25.687377	59	
40.6	25.762731	57	
40.7	25.838547	46	
40.8	25.914111	58	
40.9	25.990155	50	
41.0	26.066667	36	
41.1	26.143165	55	
41.2	26.219660	42	
41.3	26.296876	52	
41.4	26.374074	47	
41.5	26.451266	54	
41.6	26.528945	43	
41.7	26.607099	44	
41.8	26.684995	42	
41.9	26.763386	32	
42.0	26.842261	39	
42.1	26.921121	43	
42.2	26.999977	31	
42.3	27.079328	37	
42.4	27.159164	38	
42.5	27.238739	47	
42.6	27.318819	38	
42.7	27.399393	45	
42.8	27.479953	37	
42.9	27.560510	55	
43.0	27.641572	35	
43.1	27.723130	35	
43.2	27.804422	39	
43.3	27.886231	43	
43.4	27.968545	50	
43.5	28.050844	32	
43.6	28.133140	39	
43.7	28.215954	34	
43.8	28.299276	32	
43.9	28.382587	41	
44.0	28.465900	39	
44.1	28.549997	40	
44.2	28.634076	40	
44.3	28.718150	30	
44.4	28.802756	35	
44.5	28.887884	37	
44.6	28.973000	23	
44.7	29.058113	45	
44.8	29.143762	27	
44.9	29.229937	32	
45.0	29.316102	46	
45.1	29.402268	28	
45.2	29.488974	36	
45.3	29.576209	36	
45.4	29.663438	27	
45.5	29.750671	24	
45.6	29.838723	38	
45.7	29.926758	26	
45.8	30.014790	33	
45.9	30.103379	36	
46.0	30.192517	34	
46.1	30.281642	28	
46.2	30.370764	33	
46.3	30.460449	13	
46.4	30.550689	33	
46.5	30.640917	30	
46.6	30.731144	30	
46.7	30.821940	25	
46.8	30.913297	35	
46.9	31.004643	31	
47.0	31.095989	31	
47.1	31.187912	22	
47.2	31.280401	29	
47.3	31.372881	30	
47.4	31.465361	24	
47.5	31.558424	27	
47.6	31.652063	30	
47.7	31.745691	18	
47.8	31.839319	25	
47.9	31.933539	26	
48.0	32.028343	25	
48.1	32.123135	25	
48.2	32.217927	28	
48.3	32.313319	19	
48.4	32.409007	28	
48.5	32.505276	31	
48.6	32.601546	22	
48.7	32.697827	29	
48.8	32.794706	19	
48.9	32.892178	31	
49.0	32.989648	23	
49.1	33.087127	26	
49.2	33.185215	27	
49.3	33.283905	22	
49.4	33.382592	21	
49.5	33.481285	29	
49.6	33.580598	16	
49.7	33.680524	23	
49.8	33.780444	9	
49.9	33.880366	27	
50.0	33.980921	23	
50.1	34.081789	23	
50.2	34.183272	17	
50.3	34.284757	30	
50.4	34.386253	32	
50.5	34.488384	20	
50.6	34.591143	29	
50.7	34.693900	24	
50.8	34.796663	24	
50.9	34.900074	18	
51.0	35.003808	26	
51.1	35.108173	14	
51.2	35.212544	26	
51.3	35.316929	19	
51.4	35.421966	20	
51.5	35.527648	14	
51.6	35.633330	21	
51.7	35.739020	23	
51.8	35.845377	22	
51.9	35.952067	22	
52.0	36.059408	17	
52.1	36.166755	23	
52.2	36.274115	17	
52.3	36.382149	14	
52.4	36.490851	18	
52.5	36.599550	18	
52.6	36.708591	20	
52.7	36.817650	25	
52.8	36.927390	18	
52.9	37.037804	24	
53.0	37.148221	15	
53.1	37.258984	18	
53.2	37.369772	13	
53.3	37.481246	21	
53.4	37.593404	20	
53.5	37.705568	14	
53.6	37.817745	27	
53.7	37.930630	13	
53.8	38.043870	23	
53.9	38.157803	25	
54.0	38.271744	19	
54.1	38.385702	13	
54.2	38.500377	12	
54.3	38.615415	20	
54.4	38.731154	16	
54.5	38.846905	17	
54.6	38.962673	16	
54.7	39.079171	21	
54.8	39.196037	17	
54.9	39.313617	17	
55.0	39.431209	16	
55.1	39.549173	20	
55.2	39.667171	22	
55.3	39.785897	19	
55.4	39.905351	15	
55.5	40.024817	25	
55.6	40.144661	17	
55.7	40.264539	18	
55.8	40.385159	15	
55.9	40.506521	23	
56.0	40.627894	21	
56.1	40.749652	15	
56.2	40.871442	15	
56.3	40.993990	13	
56.4	41.116927	11	
56.5	41.240609	20	
56.6	41.364315	19	
56.7	41.488050	14	
56.8	41.612560	15	
56.9	41.737466	6	
57.0	41.863135	18	
57.1	41.988823	13	
57.2	42.114913	28	
57.3	42.241043	15	
57.4	42.367954	16	
57.5	42.495646	19	
57.6	42.623353	14	
57.7	42.751468	17	
57.8	42.879618	17	
57.9	43.008569	20	
58.0	43.137932	10	
58.1	43.268085	17	
58.2	43.398262	20	
58.3	43.528856	25	
58.4	43.659494	15	
58.5	43.790942	16	
58.6	43.922811	15	
58.7	44.055479	18	
58.8	44.188180	22	
58.9	44.321308	16	
59.0	44.454486	17	
59.1	44.588485	13	
59.2	44.723309	20	
59.3	44.858155	14	
59.4	44.993435	14	
59.5	45.128755	18	
59.6	45.264924	21	
59.7	45.401531	11	
59.8	45.538975	14	
59.9	45.676447	20	
60.0	45.814362	12	
60.1	45.952323	17	
60.2	46.091146	16	
60.3	46.230417	19	
60.4	46.370542	14	
60.5	46.510697	15	
60.6	46.651306	12	
60.7	46.791963	18	
60.8	46.933500	18	
60.9	47.075495	18	
61.0	47.218361	17	
61.1	47.361260	8	
61.2	47.504622	18	
61.3	47.648033	20	
61.4	47.792343	19	
61.5	47.937122	19	
61.6	48.082370	15	
61.7	48.228495	20	
61.8	48.374671	12	
61.9	48.521323	12	
62.0	48.668042	10	
62.1	48.815666	12	
62.2	48.963771	13	
62.3	49.112775	16	
62.4	49.261828	9	
62.5	49.411368	8	
62.6	49.560971	16	
62.7	49.711505	16	
62.8	49.862531	16	
62.9	50.014481	15	
63.0	50.166476	15	
63.1	50.318968	10	
63.2	50.471959	11	
63.3	50.625028	15	
63.4	50.779039	16	
63.5	50.933554	14	
63.6	51.089008	12	
63.7	51.244519	12	
63.8	51.400540	9	
63.9	51.556631	20	
64.0	51.713697	5	
64.1	51.871277	9	
64.2	52.029375	16	
64.3	52.188427	14	
64.4	52.347548	11	
64.5	52.507192	19	
64.6	52.666915	15	
64.7	52.827631	16	
64.8	52.988875	13	
64.9	53.150651	22	
65.0	53.313400	20	
65.1	53.476226	10	
65.2	53.639590	8	
65.3	53.803039	13	
65.4	53.967502	11	
65.5	54.132509	18	
65.6	54.298061	6	
65.7	54.464610	11	
65.8	54.631240	12	
65.9	54.798423	11	
66.0	54.965695	18	
66.1	55.134007	10	
66.2	55.302877	16	
66.3	55.472307	11	
66.4	55.642761	19	
66.5	55.813298	12	
66.6	55.984403	13	
66.7	56.156077	19	
66.8	56.327863	14	
66.9	56.500701	17	
67.0	56.674113	12	
67.1	56.848581	14	
67.2	57.023132	20	
67.3	57.198265	13	
67.4	57.373983	18	
67.5	57.549811	15	
67.6	57.726724	12	
67.7	57.904229	11	
67.8	58.082327	18	
67.9	58.261497	8	
68.0	58.440769	8	
68.1	58.620641	13	
68.2	58.801116	25	
68.3	58.981718	12	
68.4	59.163427	14	
68.5	59.345744	14	
68.6	59.528674	20	
68.7	59.712699	12	
68.8	59.896840	17	
68.9	60.081601	13	
69.0	60.266983	14	
69.1	60.452506	15	
69.2	60.639161	18	
69.3	60.826444	12	
69.4	61.014869	13	
69.5	61.203396	12	
69.6	61.392560	9	
69.7	61.582364	11	
69.8	61.772810	5	
69.9	61.963405	8	
70.0	62.155163	8	
70.1	62.347570	19	
70.2	62.540629	15	
70.3	62.734843	11	
70.4	62.929191	12	
70.5	63.124200	12	
70.6	63.319870	19	
70.7	63.515696	22	
70.8	63.712721	8	
70.9	63.910416	13	
71.0	64.108783	13	
71.1	64.308346	25	
71.2	64.508044	12	
71.3	64.708424	9	
71.4	64.909488	9	
71.5	65.110707	13	
71.6	65.313169	11	
71.7	65.516323	15	
71.8	65.720171	14	
71.9	65.924716	15	
72.0	66.130483	14	
72.1	66.336409	13	
72.2	66.543041	20	
72.3	66.750382	9	
72.4	66.957898	10	
72.5	67.166689	17	
72.6	67.376196	15	
72.7	67.586423	10	
72.8	67.797926	15	
72.9	68.009578	13	
73.0	68.221961	10	
73.1	68.435075	7	
73.2	68.648925	14	
73.3	68.862966	16	
73.4	69.078318	14	
73.5	69.294414	16	
73.6	69.511257	15	
73.7	69.728849	8	
73.8	69.947738	9	
73.9	70.166816	16	
74.0	70.386654	9	
74.1	70.607255	15	
74.2	70.828056	13	
74.3	71.050216	11	
74.4	71.273147	14	
74.5	71.496852	16	
74.6	71.721336	5	
74.7	71.947166	10	
74.8	72.173191	7	
74.9	72.400004	16	
75.0	72.627609	20	
75.1	72.856009	15	
75.2	73.084640	20	
75.3	73.314664	18	
75.4	73.545491	14	
75.5	73.777126	9	
75.6	74.009571	14	
75.7	74.243401	17	
75.8	74.477454	5	
75.9	74.712328	16	
76.0	74.948028	7	
76.1	75.184557	12	
76.2	75.421341	9	
76.3	75.659561	12	
76.4	75.898620	18	
76.5	76.138520	12	
76.6	76.379265	9	
76.7	76.621443	11	
76.8	76.863865	12	
76.9	77.107144	19	
77.0	77.351283	17	
77.1	77.596287	12	
77.2	77.841564	15	
77.3	78.088332	13	
77.4	78.335974	17	
77.5	78.584493	13	
77.6	78.833895	15	
77.7	79.084789	16	
77.8	79.335939	15	
77.9	79.587983	9	
78.0	79.840925	10	
78.1	80.094769	10	
78.2	80.348895	15	
78.3	80.604580	14	
78.4	80.861176	18	
78.5	81.118689	10	
78.6	81.377122	14	
78.7	81.636479	14	
78.8	81.897378	21	
78.9	82.158568	10	
79.0	82.420696	14	
79.1	82.683764	15	
79.2	82.947778	12	
79.3	83.212105	24	
79.4	83.478048	9	
79.5	83.744947	12	
79.6	84.012807	13	
79.7	84.281631	14	
79.8	84.551424	18	
79.9	84.822824	14	
80.0	85.094540	7	
80.1	85.367240	12	
80.2	85.640926	13	
80.3	85.915603	13	
80.4	86.190615	18	
80.5	86.467316	17	
80.6	86.745020	18	
80.7	87.023731	14	
80.8	87.303455	14	
80.9	87.584195	20	
81.0	87.866621	9	
81.1	88.149379	14	
81.2	88.433168	16	
81.3	88.717993	15	
81.4	89.003858	12	
81.5	89.290768	17	
81.6	89.578055	13	
81.7	89.867097	15	
81.8	90.157196	10	
81.9	90.448358	10	
82.0	90.740587	21	
82.1	91.033887	15	
82.2	91.328947	9	
82.3	91.624376	11	
82.4	91.920893	15	
82.5	92.218502	10	
82.6	92.517207	13	
82.7	92.817015	12	
82.8	93.117231	13	
82.9	93.419288	12	
83.0	93.722460	12	
83.1	94.026753	12	
83.2	94.332171	20	
83.3	94.638720	11	
83.4	94.946406	6	
83.5	95.255920	10	
83.6	95.565863	18	
83.7	95.876959	11	
83.8	96.189212	10	
83.9	96.502629	17	
84.0	96.817214	13	
84.1	97.132262	15	
84.2	97.449230	16	
84.3	97.767382	15	
84.4	98.086722	14	
84.5	98.407256	11	
84.6	98.728990	12	
84.7	99.051928	21	
84.8	99.376787	8	
84.9	99.702121	11	
85.0	100.028679	10	
85.1	100.356465	14	
85.2	100.685485	13	
85.3	101.015745	8	
85.4	101.347251	15	
85.5	101.679295	7	
85.6	102.013340	9	
85.7	102.348646	16	
85.8	102.685220	10	
85.9	103.023066	13	
86.0	103.362193	11	
86.1	103.702604	11	
86.2	104.045027	11	
86.3	104.387995	20	
86.4	104.732268	11	
86.5	105.077852	16	
86.6	105.424753	16	
86.7	105.772976	9	
86.8	106.122529	14	
86.9	106.472682	15	
87.0	106.824944	16	
87.1	107.178551	14	
87.2	107.533512	12	
87.3	107.889831	11	
87.4	108.247517	12	
87.5	108.606574	15	
87.6	108.967764	14	
87.7	109.329553	4	
87.8	109.692734	6	
87.9	110.057316	12	
88.0	110.423303	14	
88.1	110.790703	13	
88.2	111.159523	10	
88.3	111.528988	14	
88.4	111.900702	13	
88.5	112.273854	15	
88.6	112.648451	9	
88.7	113.024501	12	
88.8	113.402010	16	
88.9	113.780985	15	
89.0	114.161434	12	
89.1	114.544146	11	
89.2	114.927529	11	
89.3	115.312408	10	
89.4	115.698791	10	
89.5	116.086684	12	
89.6	116.476095	17	
89.7	116.867031	11	
89.8	117.259500	8	
89.9	117.652719	9	
90.0	118.048310	15	
90.1	118.445454	14	
90.2	118.844159	19	
90.3	119.244433	13	
90.4	119.646283	19	
90.5	120.049717	18	
90.6	120.454743	15	
90.7	120.862174	14	
90.8	121.270372	16	
90.9	121.680186	17	
91.0	122.091625	20	
91.1	122.504696	12	
91.2	122.919408	11	
91.3	123.335769	8	
91.4	123.753786	11	
91.5	124.172637	9	
91.6	124.594029	20	
91.7	125.017100	10	
91.8	125.441859	14	
91.9	125.868315	8	
92.0	126.296476	8	
92.1	126.726350	12	
92.2	127.157946	15	
92.3	127.591272	11	
92.4	128.027167	10	
92.5	128.463944	14	
92.6	128.902478	17	
92.7	129.342780	10	
92.8	129.784857	12	
92.9	130.228718	15	
93.0	130.674373	18	
93.1	131.121830	12	
93.2	131.571098	19	
93.3	132.021349	24	
93.4	132.474304	10	
93.5	132.929096	11	
93.6	133.385734	14	
93.7	133.844228	12	
93.8	134.304587	15	
93.9	134.766821	11	
94.0	135.230939	10	
94.1	135.696950	14	
94.2	136.165723	11	
94.3	136.635513	12	
94.4	137.107227	20	
94.5	137.580874	19	
94.6	138.056466	8	
94.7	138.534011	19	
94.8	139.013520	12	
94.9	139.495003	18	
95.0	139.978469	10	
95.1	140.463038	17	
95.2	140.950541	12	
95.3	141.440057	11	
95.4	141.931595	12	
95.5	142.425167	13	
95.6	142.920783	10	
95.7	143.418453	11	
95.8	143.918188	17	
95.9	144.419999	14	
96.0	144.923896	10	
96.1	145.430788	8	
96.2	145.938850	12	
96.3	146.449033	12	
96.4	146.961348	14	
96.5	147.475805	14	
96.6	147.992416	27	
96.7	148.511192	14	
96.8	149.032144	11	
96.9	149.555283	10	
97.0	150.080621	2	
97.1	150.607249	23	
97.2	151.137060	16	
97.3	151.669102	21	
97.4	152.203387	15	
97.5	152.739928	10	
97.6	153.278736	4	
97.7	153.819822	11	
97.8	154.363199	11	
97.9	154.908879	14	
98.0	155.456875	16	
98.1	156.007197	20	
98.2	156.560776	16	
98.3	157.115749	14	
98.4	157.673089	17	
98.5	158.232807	16	
98.6	158.794916	10	
98.7	159.359429	13	
98.8	159.926358	11	
98.9	160.495717	13	
99.0	161.067518	13	
99.1	161.641773	18	
99.2	162.218497	18	
99.3	162.796771	16	
99.4	163.378512	11	
99.5	163.962760	14	
99.6	164.549526	13	
99.7	165.138826	12	
99.8	165.730671	14	
99.9	166.325078	5	
100.0	166.922058	12	
100.1	167.521625	13	
100.2	168.123795	11	
100.3	168.728580	15	
100.4	169.336961	17	
100.5	169.946976	16	
100.6	170.559652	19	
100.7	171.175002	14	
100.8	171.793041	17	
100.9	172.413782	16	
101.0	173.037242	16	
101.1	173.663434	13	
101.2	174.292373	9	
101.3	174.924075	12	
101.4	175.558553	18	
101.5	176.195823	13	
101.6	176.834921	16	
101.7	177.477864	12	
101.8	178.123644	9	
101.9	178.772275	15	
102.0	179.423773	13	
102.1	180.078154	20	
102.2	180.735433	7	
102.3	181.395626	21	
102.4	182.058750	16	
102.5	182.724820	13	
102.6	183.393853	10	
102.7	184.065864	13	
102.8	184.740870	15	
102.9	185.419862	16	
103.0	186.100864	8	
103.1	186.784913	11	
103.2	187.472026	6	
103.3	188.162219	10	
103.4	188.855509	12	
103.5	189.551913	15	
103.6	190.251449	8	
103.7	190.954133	18	
103.8	191.659984	7	
103.9	192.369017	15	
104.0	193.081252	14	
104.1	193.796706	19	
104.2	194.514403	15	
104.3	195.236392	18	
104.4	195.961652	2	
104.5	196.690201	10	
104.6	197.422057	8	
104.7	198.157238	14	
104.8	198.895764	18	
104.9	199.637652	8	
105.0	200.382922	13	
105.1	201.131593	10	
105.2	201.883683	12	
105.3	202.639212	13	
105.4	203.398199	10	
105.5	204.161707	34	
105.6	204.927620	31	
105.7	205.697052	15	
105.8	206.470022	10	
105.9	207.246550	16	
106.0	208.026655	10	
106.1	208.810358	11	
106.2	209.597678	16	
106.3	210.388637	16	
106.4	211.183255	14	
106.5	211.981552	10	
106.6	212.783548	16	
106.7	213.589265	21	
106.8	214.398723	16	
106.9	215.211944	19	
107.0	216.027915	17	
107.1	216.848771	21	
107.2	217.673453	11	
107.3	218.501981	16	
107.4	219.334376	15	
107.5	220.170662	10	
107.6	221.010860	17	
107.7	221.854992	7	
107.8	222.703081	13	
107.9	223.555149	13	
108.0	224.411218	14	
108.1	225.271312	8	
108.2	226.135454	15	
108.3	227.003665	20	
108.4	227.875971	15	
108.5	228.753455	14	
108.6	229.633969	14	
108.7	230.518649	8	
108.8	231.407519	10	
108.9	232.300602	12	
109.0	233.197922	8	
109.1	234.099504	13	
109.2	235.005372	13	
109.3	235.915550	7	
109.4	236.830062	16	
109.5	237.748934	15	
109.6	238.672191	20	
109.7	239.599856	17	
109.8	240.531957	13	
109.9	241.468517	11	
110.0	242.409562	12	
110.1	243.354037	18	
110.2	244.304180	17	
110.3	245.258883	14	
110.4	246.218174	11	
110.5	247.182077	15	
110.6	248.150621	16	
110.7	249.123831	12	
110.8	250.101734	15	
110.9	251.084357	12	
111.0	252.071728	8	
111.1	253.063873	10	
111.2	254.060821	3	
111.3	255.062598	10	
111.4	256.069233	17	
111.5	257.080754	2	
111.6	258.097189	14	
111.7	259.118566	4	
111.8	260.146006	14	
111.9	261.177302	15	
112.0	262.213629	13	
112.1	263.255014	17	
112.2	264.301488	17	
112.3	265.353079	5	
112.4	266.409817	9	
112.5	267.471732	11	
112.6	268.538853	8	
112.7	269.611211	9	
112.8	270.688835	10	
112.9	271.771757	8	
113.0	272.860006	13	
113.1	273.953613	10	
113.2	275.052609	18	
113.3	276.157025	7	
113.4	277.266893	20	
113.5	278.382244	10	
113.6	279.502014	7	
113.7	280.628478	19	
113.8	281.760518	18	
113.9	282.898167	15	
114.0	284.041457	11	
114.1	285.190420	16	
114.2	286.345090	17	
114.3	287.505500	20	
114.4	288.671682	15	
114.5	289.843671	15	
114.6	291.021501	21	
114.7	292.205203	21	
114.8	293.394814	10	
114.9	294.590367	8	
115.0	295.791897	8	
115.1	296.999438	17	
115.2	298.213025	14	
115.3	299.432693	8	
115.4	300.659607	13	
115.5	301.891487	8	
115.6	303.129557	18	
115.7	304.373853	17	
115.8	305.624411	14	
115.9	306.881266	10	
116.0	308.144456	10	
116.1	309.414016	11	
116.2	310.689984	13	
116.3	311.972397	11	
116.4	313.261292	8	
116.5	314.556706	16	
116.6	315.858677	11	
116.7	317.167244	10	
116.8	318.482444	10	
116.9	319.804315	13	
117.0	321.132896	15	
117.1	322.468227	13	
117.2	323.809174	12	
117.3	325.158182	10	
117.4	326.514055	8	
117.5	327.876831	13	
117.6	329.246551	21	
117.7	330.623255	24	
117.8	332.006984	17	
117.9	333.397778	11	
118.0	334.795678	14	
118.1	336.200725	11	
118.2	337.612962	8	
118.3	339.032428	9	
118.4	340.459167	8	
118.5	341.893221	17	
118.6	343.334631	14	
118.7	344.783440	6	
118.8	346.239692	12	
118.9	347.703429	11	
119.0	349.175824	15	
119.1	350.654587	13	
119.2	352.140970	9	
119.3	353.635015	11	
119.4	355.136769	9	
119.5	356.646273	12	
119.6	358.163575	17	
119.7	359.688717	15	
119.8	361.221746	11	
119.9	362.762707	15	
120.0	364.311646	5	
120.1	365.868608	9	
120.2	367.433640	12	
120.3	369.006788	12	
120.4	370.587002	13	
120.5	372.176633	16	
120.6	373.774516	7	
120.7	375.380699	14	
120.8	376.995230	14	
120.9	378.618157	13	
121.0	380.249528	9	
121.1	381.889392	9	
121.2	383.538907	12	
121.3	385.195674	20	
121.4	386.861092	9	
121.5	388.535211	11	
121.6	390.217285	12	
121.7	391.910153	11	
121.8	393.610683	14	
121.9	395.320672	14	
122.0	397.038072	17	
122.1	398.765452	12	
122.2	400.501887	13	
122.3	402.247429	17	
122.4	404.002131	14	
122.5	405.766044	14	
122.6	407.540508	15	
122.7	409.323115	11	
122.8	411.115085	9	
122.9	412.916474	15	
123.0	414.727333	15	
123.1	416.547719	13	
123.2	418.377686	14	
123.3	420.217289	15	
123.4	422.066582	15	
123.5	423.925622	11	
123.6	425.794465	10	
123.7	427.673166	18	
123.8	429.561782	12	
123.9	431.460370	13	
124.0	433.368987	10	
124.1	435.287690	15	
124.2	437.216537	7	
124.3	439.155586	15	
124.4	441.104895	15	
124.5	443.064524	13	
124.6	445.034530	19	
124.7	447.014974	11	
124.8	449.005915	17	
124.9	451.007412	17	
125.0	453.019527	20	
125.1	455.042320	16	
125.2	457.075851	11	
125.3	459.120182	10	
125.4	461.175375	13	
125.5	463.241491	15	
125.6	465.318593	14	
125.7	467.406744	20	
125.8	469.506005	17	
125.9	471.616442	13	
126.0	473.738117	16	
126.1	475.871094	11	
126.2	478.015437	11	
126.3	480.171212	7	
126.4	482.338484	15	
126.5	484.517317	22	
126.6	486.707778	14	
126.7	488.909932	9	
126.8	491.123847	12	
126.9	493.349589	12	
127.0	495.587225	17	
127.1	497.836823	9	
127.2	500.098450	16	
127.3	502.372176	16	
127.4	504.658068	12	
127.5	506.956197	14	
127.6	509.266631	17	
127.7	511.589440	21	
127.8	513.924694	11	
127.9	516.272465	12	
128.0	518.632823	8	
128.1	521.005839	14	
128.2	523.391585	13	
128.3	525.790134	18	
128.4	528.201558	11	
128.5	530.625930	15	
128.6	533.063323	14	
128.7	535.513812	14	
128.8	537.977470	15	
128.9	540.454372	13	
129.0	542.944593	8	
129.1	545.448208	10	
129.2	547.965294	12	
129.3	550.495926	10	
129.4	553.040182	11	
129.5	555.598138	18	
129.6	558.169872	12	
129.7	560.755462	33	
129.8	563.354987	26	
129.9	565.968525	10	
130.0	568.596155	22	
130.1	571.237958	14	
130.2	573.894013	14	
130.3	576.564402	17	
130.4	579.249204	19	
130.5	581.948503	14	
130.6	584.662379	16	
130.7	587.390915	22	
130.8	590.134195	12	
130.9	592.892301	10	
131.0	595.665317	18	
131.1	598.453328	12	
131.2	601.256419	24	
131.3	604.074674	14	
131.4	606.908180	12	
131.5	609.757022	23	
131.6	612.621288	15	
131.7	615.501065	19	
131.8	618.396440	20	
131.9	621.307501	23	
132.0	624.234338	19	
132.1	627.175762	18	
132.2	630.134439	15	
132.3	633.109160	19	
132.4	636.100016	25	
132.5	639.107098	16	
132.6	642.130497	18	
132.7	645.170307	26	
132.8	648.226620	16	
132.9	651.299529	24	
133.0	654.389127	30	
133.1	657.495511	41	
133.2	660.618773	36	
133.3	663.759010	37	
133.4	666.916318	49	
133.5	670.090794	38	
133.6	673.282533	42	
133.7	676.491635	62	
133.8	679.718198	71	
133.9	682.962319	82	
134.0	686.224099	73	
134.1	689.503637	78	
134.2	692.801034	75	
134.3	696.116392	91	
134.4	699.449810	110	
134.5	702.801393	91	
134.6	706.171242	145	
134.7	709.559461	177	
134.8	712.966155	224	
134.9	716.391427	295	
135.0	719.835383	340