0.1	8.019564	98	
0.2	8.042827	95	
0.3	8.066157	112	
0.4	8.089556	109	
0.5	8.113024	116	
0.6	8.136560	89	
0.7	8.160165	89	
0.8	8.183840	80	
0.9	8.207584	84	
1.0	8.231397	72	
1.1	8.255361	59	
1.2	8.279315	92	
1.3	8.303339	74	
1.4	8.327433	86	
1.5	8.351598	66	
1.6	8.375834	84	
1.7	8.400141	83	
1.8	8.424519	69	
1.9	8.448969	68	
2.0	8.473491	68	
2.1	8.498001	71	
2.2	8.522666	66	
2.3	8.547403	44	
2.4	8.572213	66	
2.5	8.597096	50	
2.6	8.622052	52	
2.7	8.647165	58	
2.8	8.672268	36	
2.9	8.697445	44	
3.0	8.722696	56	
3.1	8.748020	45	
3.2	8.773420	41	
3.3	8.798807	46	
3.4	8.824355	44	
3.5	8.849977	46	
3.6	8.875676	43	
3.7	8.901449	53	
3.8	8.927386	47	
3.9	8.953312	37	
4.0	8.979314	44	
4.1	9.005392	54	
4.2	9.031458	54	
4.3	9.057689	33	
4.4	9.083997	30	
4.5	9.110383	57	
4.6	9.136935	52	
4.7	9.163477	46	
4.8	9.190096	51	
4.9	9.216794	46	
5.0	9.243479	52	
5.1	9.270333	50	
5.2	9.297266	30	
5.3	9.324370	48	
5.4	9.351462	39	
5.5	9.378634	32	
5.6	9.405886	42	
5.7	9.433125	49	
5.8	9.460537	44	
5.9	9.488029	40	
6.0	9.515696	45	
6.1	9.543351	45	
6.2	9.571087	44	
6.3	9.598811	41	
6.4	9.626710	58	
6.5	9.654785	48	
6.6	9.682849	38	
6.7	9.710996	43	
6.8	9.739131	55	
6.9	9.767442	58	
7.0	9.795837	52	
7.1	9.824412	67	
7.2	9.852976	77	
7.3	9.881527	91	
7.4	9.910258	82	
7.5	9.939074	83	
7.6	9.968072	73	
7.7	9.997058	86	
7.8	10.026032	99	
7.9	10.055189	86	
8.0	10.084431	111	
8.1	10.113859	109	
8.2	10.143275	119	
8.3	10.172678	98	
8.4	10.202267	107	
8.5	10.232042	104	
8.6	10.261806	116	
8.7	10.291659	124	
8.8	10.321497	111	
8.9	10.351524	125	
9.0	10.381741	92	
9.1	10.411947	104	
9.2	10.442139	96	
9.3	10.472522	113	
9.4	10.503097	116	
9.5	10.533661	114	
9.6	10.564211	114	
9.7	10.594953	138	
9.8	10.625891	115	
9.9	10.656817	120	
10.0	10.687729	132	
10.1	10.718835	102	
10.2	10.750140	81	
10.3	10.781432	99	
10.4	10.812711	90	
10.5	10.844186	90	
10.6	10.875862	81	
10.7	10.907419	85	
10.8	10.939175	85	
10.9	10.971131	69	
11.0	11.003076	80	
11.1	11.035007	90	
11.2	11.067139	77	
11.3	11.099475	77	
11.4	11.131799	72	
11.5	11.164108	94	
11.6	11.196730	72	
11.7	11.229342	87	
11.8	11.261939	78	
11.9	11.294741	76	
12.0	11.327752	77	
12.1	11.360640	72	
12.2	11.393734	61	
12.3	11.427037	83	
12.4	11.460329	74	
12.5	11.493606	72	
12.6	11.527206	74	
12.7	11.560794	65	
12.8	11.594368	67	
12.9	11.628266	83	
13.0	11.662153	82	
13.1	11.696026	96	
13.2	11.730111	120	
13.3	11.764414	98	
13.4	11.798589	134	
13.5	11.832978	162	
13.6	11.867586	165	
13.7	11.902065	211	
13.8	11.936760	266	
13.9	11.971676	291	
14.0	12.006462	376	
14.1	12.041467	435	
14.2	12.076694	524	
14.3	12.111790	611	
14.4	12.147224	832	
14.5	12.182648	934	
14.6	12.218056	1135	
14.7	12.253806	1307	
14.8	12.289546	1427	
14.9	12.325269	1641	
15.0	12.361339	1547	
15.1	12.397397	1714	
15.2	12.433439	2009	
15.3	12.469830	2145	
15.4	12.506088	2485	
15.5	12.542572	2891	
15.6	12.579289	3165	
15.7	12.615870	3877	
15.8	12.652803	4596	
15.9	12.689725	5140	
16.0	12.726632	6116	
16.1	12.763895	7015	
16.2	12.801023	8352	
16.3	12.838382	9588	
16.4	12.875979	10884	
16.5	12.913437	12299	
16.6	12.951256	14254	
16.7	12.989064	15627	
16.8	13.026855	17363	
16.9	13.065013	19193	
17.0	13.103031	21039	
17.1	13.141414	23204	
17.2	13.179787	24904	
17.3	13.218143	27377	
17.4	13.256871	29342	
17.5	13.295456	32095	
17.6	13.334413	34339	
17.7	13.373359	36672	
17.8	13.412288	39754	
17.9	13.451595	41808	
18.0	13.490758	44414	
18.1	13.530297	46423	
18.2	13.569694	48342	
18.3	13.609336	49984	
18.4	13.649231	51299	
18.5	13.688979	52138	
18.6	13.729110	52966	
18.7	13.769096	54740	
18.8	13.809465	55043	
18.9	13.849824	55590	
19.0	13.890165	56446	
19.1	13.930898	57131	
19.2	13.971481	57708	
19.3	14.012455	57154	
19.4	14.053282	57612	
19.5	14.094499	56424	
19.6	14.135570	57416	
19.7	14.176896	58195	
19.8	14.218486	59370	
19.9	14.259922	61487	
20.0	14.301759	62534	
20.1	14.343443	62218	
20.2	14.385529	60507	
20.3	14.427463	58220	
20.4	14.469799	56897	
20.5	14.511984	60084	
20.6	14.554431	63876	
20.7	14.597150	66415	
20.8	14.639711	66022	
20.9	14.682684	62831	
21.0	14.725499	60928	
21.1	14.768728	59516	
21.2	14.811801	59157	
21.3	14.855287	59740	
21.4	14.898618	59573	
21.5	14.942363	57322	
21.6	14.985953	56397	
21.7	15.029960	54062	
21.8	15.073811	50794	
21.9	15.118080	47582	
22.0	15.162195	44400	
22.1	15.206728	41835	
22.2	15.251253	38120	
22.3	15.295759	34807	
22.4	15.340697	31150	
22.5	15.385470	28790	
22.6	15.430677	25025	
22.7	15.475718	22396	
22.8	15.521195	20397	
22.9	15.566506	18579	
23.0	15.612255	17542	
23.1	15.657838	15476	
23.2	15.703861	13503	
23.3	15.749717	11810	
23.4	15.796015	9960	
23.5	15.842146	8391	
23.6	15.888722	7159	
23.7	15.935129	6040	
23.8	15.981984	5139	
23.9	16.028669	4146	
24.0	16.075805	3572	
24.1	16.122771	2998	
24.2	16.170190	2577	
24.3	16.217436	2130	
24.4	16.265140	1953	
24.5	16.312669	1773	
24.6	16.360660	1625	
24.7	16.408474	1599	
24.8	16.456753	1626	
24.9	16.504854	1634	
25.0	16.553264	1769	
25.1	16.601972	1858	
25.2	16.650513	2072	
25.3	16.699514	2240	
25.4	16.748346	2322	
25.5	16.797643	2570	
25.6	16.846767	2909	
25.7	16.896360	3042	
25.8	16.945780	3351	
25.9	16.995672	3539	
26.0	17.045387	3760	
26.1	17.095580	4169	
26.2	17.145593	4505	
26.3	17.196089	4886	
26.4	17.246402	5212	
26.5	17.297037	5658	
26.6	17.347984	6172	
26.7	17.398757	6686	
26.8	17.450012	6980	
26.9	17.501090	7570	
27.0	17.552654	8149	
27.1	17.604038	8462	
27.2	17.655914	8812	
27.3	17.707606	9179	
27.4	17.759796	9537	
27.5	17.811798	10118	
27.6	17.864133	10585	
27.7	17.916790	10727	
27.8	17.969268	11344	
27.9	18.022245	11347	
28.0	18.075037	11984	
28.1	18.128335	12068	
28.2	18.181443	12440	
28.3	18.235065	12710	
28.4	18.288667	12958	
28.5	18.342262	13041	
28.6	18.396364	13102	
28.7	18.450281	12786	
28.8	18.504712	13001	
28.9	18.558951	13170	
29.0	18.613714	13283	
29.1	18.668457	12816	
29.2	18.723193	12486	
29.3	18.778448	12700	
29.4	18.833512	12311	
29.5	18.889103	12097	
29.6	18.944497	11711	
29.7	19.000246	11230	
29.8	19.056337	11016	
29.9	19.112239	10572	
30.0	19.168672	10427	
30.1	19.224909	9723	
30.2	19.281687	9190	
30.3	19.338446	8967	
30.4	19.395199	8494	
30.5	19.452489	8144	
30.6	19.509581	7764	
30.7	19.567221	7153	
30.8	19.624843	6696	
30.9	19.682460	6366	
31.0	19.740620	5851	
31.1	19.798582	5515	
31.2	19.857098	5125	
31.3	19.915597	4733	
31.4	19.974090	4506	
31.5	20.033135	4143	
31.6	20.091979	3926	
31.7	20.151387	3624	
31.8	20.210776	3423	
31.9	20.270160	3201	
32.0	20.330106	3190	
32.1	20.389845	2992	
32.2	20.450159	2861	
32.3	20.510453	2777	
32.4	20.570741	2706	
32.5	20.631602	2651	
32.6	20.692251	2751	
32.7	20.753288	2679	
32.8	20.814700	2780	
32.9	20.875906	2703	
33.0	20.937697	2652	
33.1	20.999471	2689	
33.2	21.061239	2792	
33.3	21.123591	2745	
33.4	21.185729	2737	
33.5	21.248264	2811	
33.6	21.311183	2773	
33.7	21.373892	2812	
33.8	21.437200	2846	
33.9	21.500490	2718	
34.0	21.563775	2682	
34.1	21.627660	2673	
34.2	21.691324	2466	
34.3	21.755396	2508	
34.4	21.819863	2466	
34.5	21.884112	2418	
34.6	21.948770	2344	
34.7	22.013825	2083	
34.8	22.078665	2202	
34.9	22.144124	2068	
35.0	22.209564	2126	
35.1	22.275001	2109	
35.2	22.341057	2036	
35.3	22.407098	1858	
35.4	22.473136	1737	
35.5	22.539797	1726	
35.6	22.606230	1596	
35.7	22.673088	1519	
35.8	22.740359	1466	
35.9	22.807404	1288	
36.0	22.874876	1294	
36.1	22.942763	1205	
36.2	23.010425	1069	
36.3	23.078516	1068	
36.4	23.147026	980	
36.5	23.215310	983	
36.6	23.284028	920	
36.7	23.353167	894	
36.8	23.422079	749	
36.9	23.491428	779	
37.0	23.561203	720	
37.1	23.630750	636	
37.2	23.700737	603	
37.3	23.771153	602	
37.4	23.841341	572	
37.5	23.911972	587	
37.6	23.983037	575	
37.7	24.053871	499	
37.8	24.125153	528	
37.9	24.196873	484	
38.0	24.268359	474	
38.1	24.340298	431	
38.2	24.412680	439	
38.3	24.484824	442	
38.4	24.557427	409	
38.5	24.630477	379	
38.6	24.703287	362	
38.7	24.776560	353	
38.8	24.850286	380	
38.9	24.924000	307	
39.0	24.997716	311	
39.1	25.072124	315	
39.2	25.146519	284	
39.3	25.220915	277	
39.4	25.296012	269	
39.5	25.371096	286	
39.6	25.446178	230	
39.7	25.521732	234	
39.8	25.597750	238	
39.9	25.673524	208	
40.0	25.749778	195	
40.1	25.826501	174	
40.2	25.902975	171	
40.3	25.979935	165	
40.4	26.057372	172	
40.5	26.134798	166	
40.6	26.212225	131	
40.7	26.290383	141	
40.8	26.368526	121	
40.9	26.446669	157	
41.0	26.525304	120	
41.1	26.604423	122	
41.2	26.683287	117	
41.3	26.762653	109	
41.4	26.842510	104	
41.5	26.922357	101	
41.6	27.002205	90	
41.7	27.082556	89	
41.8	27.163397	83	
41.9	27.243984	88	
42.0	27.325082	88	
42.1	27.406680	88	
42.2	27.488270	71	
42.3	27.569863	69	
42.4	27.651968	72	
42.5	27.734575	70	
42.6	27.816923	79	
42.7	27.899793	72	
42.8	27.983175	68	
42.9	28.066549	50	
43.0	28.149927	58	
43.1	28.233829	47	
43.2	28.318243	54	
43.3	28.402393	59	
43.4	28.487078	61	
43.5	28.572286	42	
43.6	28.657487	45	
43.7	28.742690	52	
43.8	28.828430	39	
43.9	28.914698	45	
44.0	29.000961	50	
44.1	29.087232	44	
44.2	29.174042	45	
44.3	29.261383	52	
44.4	29.348452	40	
44.5	29.436075	52	
44.6	29.524241	42	
44.7	29.612399	48	
44.8	29.700561	35	
44.9	29.789279	42	
45.0	29.878545	37	
45.1	29.967806	35	
45.2	30.057073	25	
45.3	30.146902	38	
45.4	30.237283	31	
45.5	30.327662	33	
45.6	30.418050	41	
45.7	30.509005	45	
45.8	30.600516	36	
45.9	30.692028	44	
46.0	30.783552	43	
46.1	30.875648	26	
46.2	30.968306	71	
46.3	31.060967	57	
46.4	31.153641	39	
46.5	31.246893	33	
46.6	31.340714	34	
46.7	31.434539	36	
46.8	31.528379	22	
46.9	31.622803	25	
47.0	31.717804	35	
47.1	31.812809	37	
47.2	31.907830	39	
47.3	32.003443	38	
47.4	32.099639	35	
47.5	32.195841	37	
47.6	32.292058	36	
47.7	32.388876	36	
47.8	32.486286	28	
47.9	32.583700	27	
48.0	32.681130	34	
48.1	32.779169	33	
48.2	32.877810	31	
48.3	32.976454	36	
48.4	33.075111	33	
48.5	33.174389	34	
48.6	33.274278	37	
48.7	33.374168	29	
48.8	33.474071	39	
48.9	33.574603	31	
49.0	33.675759	25	
49.1	33.776913	35	
49.2	33.878387	35	
49.3	33.979882	29	
49.4	34.082008	35	
49.5	34.184758	33	
49.6	34.287517	45	
49.7	34.390295	33	
49.8	34.493716	31	
49.9	34.597773	23	
50.0	34.701836	21	
50.1	34.805913	27	
50.2	34.910648	36	
50.3	35.015713	21	
50.4	35.121416	32	
50.5	35.227134	27	
50.6	35.332875	27	
50.7	35.439276	23	
50.8	35.546331	26	
50.9	35.653394	44	
51.0	35.760474	23	
51.1	35.868230	30	
51.2	35.976327	35	
51.3	36.085081	31	
51.4	36.193852	41	
51.5	36.302648	33	
51.6	36.412123	27	
51.7	36.522273	30	
51.8	36.632432	32	
51.9	36.742941	29	
52.0	36.853481	23	
52.1	36.964706	28	
52.2	37.076613	27	
52.3	37.188534	46	
52.4	37.300477	25	
52.5	37.413126	38	
52.6	37.526133	23	
52.7	37.639828	36	
52.8	37.753543	24	
52.9	37.867284	25	
53.0	37.981739	28	
53.1	38.096559	36	
53.2	38.212075	35	
53.3	38.327616	15	
53.4	38.443187	28	
53.5	38.559480	29	
53.6	38.676492	25	
53.7	38.793516	31	
53.8	38.910915	23	
53.9	39.028346	31	
54.0	39.146511	27	
54.1	39.265406	27	
54.2	39.384314	23	
54.3	39.503604	29	
54.4	39.622929	29	
54.5	39.742998	35	
54.6	39.863453	40	
54.7	39.984637	31	
54.8	40.105852	31	
54.9	40.227102	25	
55.0	40.349111	29	
55.1	40.471512	25	
55.2	40.594656	30	
55.3	40.717831	33	
55.4	40.841040	22	
55.5	40.965023	30	
55.6	41.089405	28	
55.7	41.214546	40	
55.8	41.339715	19	
55.9	41.465288	28	
56.0	41.590911	27	
56.1	41.717310	31	
56.2	41.844484	28	
56.3	41.971685	31	
56.4	42.099297	34	
56.5	42.226955	28	
56.6	42.355407	33	
56.7	42.484275	26	
56.8	42.613924	23	
56.9	42.743611	34	
57.0	42.873339	35	
57.1	43.003883	32	
57.2	43.134850	28	
57.3	43.266618	28	
57.4	43.398418	31	
57.5	43.530647	23	
57.6	43.662927	26	
57.7	43.796030	23	
57.8	43.929566	30	
57.9	44.063911	34	
58.0	44.198299	26	
58.1	44.333125	28	
58.2	44.468012	30	
58.3	44.603731	25	
58.4	44.740286	29	
58.5	44.876874	32	
58.6	45.013907	24	
58.7	45.150992	30	
58.8	45.288936	27	
58.9	45.427330	23	
59.0	45.566571	23	
59.1	45.705853	31	
59.2	45.845589	34	
59.3	45.985384	29	
59.4	46.126052	18	
59.5	46.267180	23	
59.6	46.409169	30	
59.7	46.551205	28	
59.8	46.693705	25	
59.9	46.836268	26	
60.0	46.979721	26	
60.1	47.123643	23	
60.2	47.268445	26	
60.3	47.413295	41	
60.4	47.558622	26	
60.5	47.704013	20	
60.6	47.850313	39	
60.7	47.997093	40	
60.8	48.144772	32	
60.9	48.292501	20	
61.0	48.440717	30	
61.1	48.588998	29	
61.2	48.738209	29	
61.3	48.887911	29	
61.4	49.038106	36	
61.5	49.189208	24	
61.6	49.340378	27	
61.7	49.492047	15	
61.8	49.643801	36	
61.9	49.796491	29	
62.0	49.949686	24	
62.1	50.103812	28	
62.2	50.258004	29	
62.3	50.412707	23	
62.4	50.567490	24	
62.5	50.723237	24	
62.6	50.879500	29	
62.7	51.036281	25	
62.8	51.194005	30	
62.9	51.351811	20	
63.0	51.510140	33	
63.1	51.668563	20	
63.2	51.827965	18	
63.3	51.987896	29	
63.4	52.148802	32	
63.5	52.309781	23	
63.6	52.471296	28	
63.7	52.633350	23	
63.8	52.795509	19	
63.9	52.958663	26	
64.0	53.122362	26	
64.1	53.287053	22	
64.2	53.451827	21	
64.3	53.617153	24	
64.4	53.782572	19	
64.5	53.949024	24	
64.6	54.116033	19	
64.7	54.283601	32	
64.8	54.452183	17	
64.9	54.620856	22	
65.0	54.790095	19	
65.1	54.959433	23	
65.2	55.129830	20	
65.3	55.300798	19	
65.4	55.472341	24	
65.5	55.644924	30	
65.6	55.817602	18	
65.7	55.990861	19	
65.8	56.164704	28	
65.9	56.338672	19	
66.0	56.513708	23	
66.1	56.689334	23	
66.2	56.866031	17	
66.3	57.042824	19	
66.4	57.220214	21	
66.5	57.398204	16	
66.6	57.576319	13	
66.7	57.755535	27	
66.8	57.935358	19	
66.9	58.115789	23	
67.0	58.297307	24	
67.1	58.478943	25	
67.2	58.661194	22	
67.3	58.844065	19	
67.4	59.027079	28	
67.5	59.211215	9	
67.6	59.395976	14	
67.7	59.581864	16	
67.8	59.767862	17	
67.9	59.954494	13	
68.0	60.141763	13	
68.1	60.329167	26	
68.2	60.517736	18	
68.3	60.706948	15	
68.4	60.896806	12	
68.5	61.087817	24	
68.6	61.278952	11	
68.7	61.470741	16	
68.8	61.663187	24	
68.9	61.855781	27	
69.0	62.049569	18	
69.1	62.244021	21	
69.2	62.439140	27	
69.3	62.635444	14	
69.4	62.831882	21	
69.5	63.028995	14	
69.6	63.226785	23	
69.7	63.424732	21	
69.8	63.623909	14	
69.9	63.823771	16	
70.0	64.024322	16	
70.1	64.225563	11	
70.2	64.428009	17	
70.3	64.630619	21	
70.4	64.833929	16	
70.5	65.037942	34	
70.6	65.242139	27	
70.7	65.447589	18	
70.8	65.653749	25	
70.9	65.860623	11	
71.0	66.068746	12	
71.1	66.277034	13	
71.2	66.486044	17	
71.3	66.695781	20	
71.4	66.905700	11	
71.5	67.116921	17	
71.6	67.328876	19	
71.7	67.541568	19	
71.8	67.755001	14	
71.9	67.969715	19	
72.0	68.184615	13	
72.1	68.400265	25	
72.2	68.616668	17	
72.3	68.833272	23	
72.4	69.051215	17	
72.5	69.269920	18	
72.6	69.489389	23	
72.7	69.709627	12	
72.8	69.931187	26	
72.9	70.152947	12	
73.0	70.375487	18	
73.1	70.598808	17	
73.2	70.822343	16	
73.3	71.047261	18	
73.4	71.272971	25	
73.5	71.499475	15	
73.6	71.726775	12	
73.7	71.955447	16	
73.8	72.184328	15	
73.9	72.414018	17	
74.0	72.644520	8	
74.1	72.875837	15	
74.2	73.107403	12	
74.3	73.340384	18	
74.4	73.574191	19	
74.5	73.808825	21	
74.6	74.044290	18	
74.7	74.281163	19	
74.8	74.518278	12	
74.9	74.756236	21	
75.0	74.995040	20	
75.1	75.234695	21	
75.2	75.474627	23	
75.3	75.716018	13	
75.4	75.958268	25	
75.5	76.201382	20	
75.6	76.445364	16	
75.7	76.690799	15	
75.8	76.936501	21	
75.9	77.183084	18	
76.0	77.430549	16	
76.1	77.678902	16	
76.2	77.927554	23	
76.3	78.177717	16	
76.4	78.428778	21	
76.5	78.680740	13	
76.6	78.933608	13	
76.7	79.187987	20	
76.8	79.442651	11	
76.9	79.698233	12	
77.0	79.954737	18	
77.1	80.212167	20	
77.2	80.469910	18	
77.3	80.729231	20	
77.4	80.989488	19	
77.5	81.250687	13	
77.6	81.512831	17	
77.7	81.776557	19	
77.8	82.040577	19	
77.9	82.305555	15	
78.0	82.571495	19	
78.1	82.838403	15	
78.2	83.106283	14	
78.3	83.374511	13	
78.4	83.644373	9	
78.5	83.915217	23	
78.6	84.187049	16	
78.7	84.459872	16	
78.8	84.734341	10	
78.9	85.009133	16	
79.0	85.284931	16	
79.1	85.561739	12	
79.2	85.839562	19	
79.3	86.118405	22	
79.4	86.397623	20	
79.5	86.678546	17	
79.6	86.960500	17	
79.7	87.243491	17	
79.8	87.527523	18	
79.9	87.812600	19	
80.0	88.099377	11	
80.1	88.386532	14	
80.2	88.674748	20	
80.3	88.964029	14	
80.4	89.254380	18	
80.5	89.545807	22	
80.6	89.837660	17	
80.7	90.131280	19	
80.8	90.425988	12	
80.9	90.721790	16	
81.0	91.018690	17	
81.1	91.316694	21	
81.2	91.616469	21	
81.3	91.916665	12	
81.4	92.217981	13	
81.5	92.520422	23	
81.6	92.823993	6	
81.7	93.128698	15	
81.8	93.433868	17	
81.9	93.740887	12	
82.0	94.049056	23	
82.1	94.358380	18	
82.2	94.668863	19	
82.3	94.980511	16	
82.4	95.294022	19	
82.5	95.607986	14	
82.6	95.923133	17	
82.7	96.239467	9	
82.8	96.556995	10	
82.9	96.875721	19	
83.0	97.194936	14	
83.1	97.516107	15	
83.2	97.838493	14	
83.3	98.162097	11	
83.4	98.486928	23	
83.5	98.812989	12	
83.6	99.140287	18	
83.7	99.469537	16	
83.8	99.799295	15	
83.9	100.130308	11	
84.0	100.462582	14	
84.1	100.796124	12	
84.2	101.130938	20	
84.3	101.467031	16	
84.4	101.803698	17	
84.5	102.142398	14	
84.6	102.482393	15	
84.7	102.823690	17	
84.8	103.166295	12	
84.9	103.510214	12	
85.0	103.856202	9	
85.1	104.202735	22	
85.2	104.550602	12	
85.3	104.899809	7	
85.4	105.250362	11	
85.5	105.602269	5	
85.6	105.955535	9	
85.7	106.309406	14	
85.8	106.665443	13	
85.9	107.022858	12	
86.0	107.381657	12	
86.1	107.741846	18	
86.2	108.103432	12	
86.3	108.466423	19	
86.4	108.830824	11	
86.5	109.197387	16	
86.6	109.564597	22	
86.7	109.933239	13	
86.8	110.303321	12	
86.9	110.674849	16	
87.0	111.047830	16	
87.1	111.422271	13	
87.2	111.797410	15	
87.3	112.174827	18	
87.4	112.553723	16	
87.5	112.934106	18	
87.6	113.315984	18	
87.7	113.699363	13	
87.8	114.084251	15	
87.9	114.470656	18	
88.0	114.859350	12	
88.1	115.248775	22	
88.2	115.639740	15	
88.3	116.032253	13	
88.4	116.426320	15	
88.5	116.821950	13	
88.6	117.219150	11	
88.7	117.617122	16	
88.8	118.017521	18	
88.9	118.419513	6	
89.0	118.823104	12	
89.1	119.228302	16	
89.2	119.635116	7	
89.3	120.043554	14	
89.4	120.453624	16	
89.5	120.866153	19	
89.6	121.279474	15	
89.7	121.694452	10	
89.8	122.111096	15	
89.9	122.529414	13	
90.0	122.949415	8	
90.1	123.371106	13	
90.2	123.794496	11	
90.3	124.219593	14	
90.4	124.645601	19	
90.5	125.074175	14	
90.6	125.504480	12	
90.7	125.936526	15	
90.8	126.370321	17	
90.9	126.805874	16	
91.0	127.243193	10	
91.1	127.682289	15	
91.2	128.124006	14	
91.3	128.566642	9	
91.4	129.011083	15	
91.5	129.457337	18	
91.6	129.905413	12	
91.7	130.355321	12	
91.8	130.807070	20	
91.9	131.260670	16	
92.0	131.716129	7	
92.1	132.172614	13	
92.2	132.631859	20	
92.3	133.092990	17	
92.4	133.556017	18	
92.5	134.020950	17	
92.6	134.487798	15	
92.7	134.956572	11	
92.8	135.427282	12	
92.9	135.899937	17	
93.0	136.375406	17	
93.1	136.851943	19	
93.2	137.330458	13	
93.3	137.810960	17	
93.4	138.293459	19	
93.5	138.777966	10	
93.6	139.264492	15	
93.7	139.753045	21	
93.8	140.243638	13	
93.9	140.735393	12	
94.0	141.230135	13	
94.1	141.726946	20	
94.2	142.225838	12	
94.3	142.726820	13	
94.4	143.229904	13	
94.5	143.735101	10	
94.6	144.242421	64	
94.7	144.751877	29	
94.8	145.263478	21	
94.9	145.778128	13	
95.0	146.294016	13	
95.1	146.812085	15	
95.2	147.332347	10	
95.3	147.854815	17	
95.4	148.379498	22	
95.5	148.906409	11	
95.6	149.435560	15	
95.7	149.966962	10	
95.8	150.500627	15	
95.9	151.035658	17	
96.0	151.573926	17	
96.1	152.114492	15	
96.2	152.657368	15	
96.3	153.202565	14	
96.4	153.750097	12	
96.5	154.299976	17	
96.6	154.852214	18	
96.7	155.406824	13	
96.8	155.963819	14	
96.9	156.523211	14	
97.0	157.085915	9	
97.1	157.650100	17	
97.2	158.216723	16	
97.3	158.785796	19	
97.4	159.357334	21	
97.5	159.931349	13	
97.6	160.507854	18	
97.7	161.086863	14	
97.8	161.668389	12	
97.9	162.252446	10	
98.0	162.838092	13	
98.1	163.427295	15	
98.2	164.019068	12	
98.3	164.613424	15	
98.4	165.210379	13	
98.5	165.809945	13	
98.6	166.412139	11	
98.7	167.016972	13	
98.8	167.624461	10	
98.9	168.234619	8	
99.0	168.847462	19	
99.1	169.463003	15	
99.2	170.082199	11	
99.3	170.703139	10	
99.4	171.326824	20	
99.5	171.953269	11	
99.6	172.582489	14	
99.7	173.214499	15	
99.8	173.849314	13	
99.9	174.486951	12	
100.0	175.127423	11	
100.1	175.770747	16	
100.2	176.416939	14	
100.3	177.066013	13	
100.4	177.717037	10	
100.5	178.371968	15	
100.6	179.029829	13	
100.7	179.690636	12	
100.8	180.354403	15	
100.9	181.021149	13	
101.0	181.690890	15	
101.1	182.363642	12	
101.2	183.039421	16	
101.3	183.718246	15	
101.4	184.400132	20	
101.5	185.085097	14	
101.6	185.774142	23	
101.7	186.465272	9	
101.8	187.159534	22	
101.9	187.856945	15	
102.0	188.557524	18	
102.1	189.261288	14	
102.2	189.968255	14	
102.3	190.678443	11	
102.4	191.391869	16	
102.5	192.108551	10	
102.6	192.828509	22	
102.7	193.551760	12	
102.8	194.278322	15	
102.9	195.007215	21	
103.0	195.740502	12	
103.1	196.477155	18	
103.2	197.217192	9	
103.3	197.960634	9	
103.4	198.707498	14	
103.5	199.457805	11	
103.6	200.211574	17	
103.7	200.968824	22	
103.8	201.729576	15	
103.9	202.493848	18	
104.0	203.261661	11	
104.1	204.033036	11	
104.2	204.809039	15	
104.3	205.587549	16	
104.4	206.369682	19	
104.5	207.155461	11	
104.6	207.944904	18	
104.7	208.738034	28	
104.8	209.534870	21	
104.9	210.335434	16	
105.0	211.139748	13	
105.1	211.947832	18	
105.2	212.759707	14	
105.3	213.575397	14	
105.4	214.394921	6	
105.5	215.218303	12	
105.6	216.045563	18	
105.7	216.875691	20	
105.8	217.710824	8	
105.9	218.549900	14	
106.0	219.392943	12	
106.1	220.239975	12	
106.2	221.091020	15	
106.3	221.946099	17	
106.4	222.805238	11	
106.5	223.668458	14	
106.6	224.535783	7	
106.7	225.407238	37	
106.8	226.282845	52	
106.9	227.162629	26	
107.0	228.046613	11	
107.1	228.934823	17	
107.2	229.828340	13	
107.3	230.725024	20	
107.4	231.626009	12	
107.5	232.531319	12	
107.6	233.440980	14	
107.7	234.355015	15	
107.8	235.273452	20	
107.9	236.196314	17	
108.0	237.123628	14	
108.1	238.055419	19	
108.2	238.991713	12	
108.3	239.932536	20	
108.4	240.877914	16	
108.5	241.827874	13	
108.6	242.782442	16	
108.7	243.741645	15	
108.8	244.704434	17	
108.9	245.673036	13	
109.0	246.646353	15	
109.1	247.624411	17	
109.2	248.607238	15	
109.3	249.594861	13	
109.4	250.587308	16	
109.5	251.584609	17	
109.6	252.586790	19	
109.7	253.593880	20	
109.8	254.605909	24	
109.9	255.622904	11	
110.0	256.644895	10	
110.1	257.671910	14	
110.2	258.703980	21	
110.3	259.741133	14	
110.4	260.783400	21	
110.5	261.831899	18	
110.6	262.884431	18	
110.7	263.942169	15	
110.8	265.005143	13	
110.9	266.073383	25	
111.0	267.146921	19	
111.1	268.225786	15	
111.2	269.310011	14	
111.3	270.399626	14	
111.4	271.494663	8	
111.5	272.595153	17	
111.6	273.701128	12	
111.7	274.812621	10	
111.8	275.929663	12	
111.9	277.052287	8	
112.0	278.180525	15	
112.1	279.314411	13	
112.2	280.453977	23	
112.3	281.598162	20	
112.4	282.749241	14	
112.5	283.906098	9	
112.6	285.068767	13	
112.7	286.237283	14	
112.8	287.411680	15	
112.9	288.591991	19	
113.0	289.778253	14	
113.1	290.970500	16	
113.2	292.168766	13	
113.3	293.373088	13	
113.4	294.583500	14	
113.5	295.800039	11	
113.6	297.022741	11	
113.7	298.251641	5	
113.8	299.486776	9	
113.9	300.728183	13	
114.0	301.975898	8	
114.1	303.231103	19	
114.2	304.491490	12	
114.3	305.758300	10	
114.4	307.031571	16	
114.5	308.311339	13	
114.6	309.597643	13	
114.7	310.890521	19	
114.8	312.190013	14	
114.9	313.496155	15	
115.0	314.808988	20	
115.1	316.128551	18	
115.2	317.454882	17	
115.3	318.788022	14	
115.4	320.128011	10	
115.5	321.474888	22	
115.6	322.828694	9	
115.7	324.189469	17	
115.8	325.557255	17	
115.9	326.932092	18	
116.0	328.312866	7	
116.1	329.701991	14	
116.2	331.098288	12	
116.3	332.501801	19	
116.4	333.912571	20	
116.5	335.330642	15	
116.6	336.756055	21	
116.7	338.188855	20	
116.8	339.629084	20	
116.9	341.076787	17	
117.0	342.532006	17	
117.1	343.994786	8	
117.2	345.465171	9	
117.3	346.943206	12	
117.4	348.428936	19	
117.5	349.922405	17	
117.6	351.423659	11	
117.7	352.932744	16	
117.8	354.450884	19	
117.9	355.975695	20	
118.0	357.508479	18	
118.1	359.049281	16	
118.2	360.598149	18	
118.3	362.155129	12	
118.4	363.720269	10	
118.5	365.293616	15	
118.6	366.875219	24	
118.7	368.465124	19	
118.8	370.063382	18	
118.9	371.670040	20	
119.0	373.285147	26	
119.1	374.908753	19	
119.2	376.540907	22	
119.3	378.181659	15	
119.4	379.829955	13	
119.5	381.488152	20	
119.6	383.155094	17	
119.7	384.830831	11	
119.8	386.515415	13	
119.9	388.208898	11	
120.0	389.911330	20	
120.1	391.622766	17	
120.2	393.343256	15	
120.3	395.074034	21	
120.4	396.812591	15	
120.5	398.560372	13	
120.6	400.317429	21	
120.7	402.083818	18	
120.8	403.858739	15	
120.9	405.645565	15	
121.0	407.439091	12	
121.1	409.244428	23	
121.2	411.058749	16	
121.3	412.881142	12	
121.4	414.714376	19	
121.5	416.557381	11	
121.6	418.410214	19	
121.7	420.272932	19	
121.8	422.145591	16	
121.9	424.028250	16	
122.0	425.920966	18	
122.1	427.825074	13	
122.2	429.738156	15	
122.3	431.661466	13	
122.4	433.595063	16	
122.5	435.539007	16	
122.6	437.493357	19	
122.7	439.458174	10	
122.8	441.433518	17	
122.9	443.419451	22	
123.0	445.416033	16	
123.1	447.423327	20	
123.2	449.441394	15	
123.3	451.470296	14	
123.4	453.510097	14	
123.5	455.560859	21	
123.6	457.622645	16	
123.7	459.695519	14	
123.8	461.779546	21	
123.9	463.874789	11	
124.0	465.981314	8	
124.1	468.099185	16	
124.2	470.228468	17	
124.3	472.369228	15	
124.4	474.521533	16	
124.5	476.685448	13	
124.6	478.861040	10	
124.7	481.048378	11	
124.8	483.247527	12	
124.9	485.458557	18	
125.0	487.681536	13	
125.1	489.916532	15	
125.2	492.163616	21	
125.3	494.422855	12	
125.4	496.694321	15	
125.5	498.978084	14	
125.6	501.274214	17	
125.7	503.582783	9	
125.8	505.903861	18	
125.9	508.237522	12	
126.0	510.583837	7	
126.1	512.942879	12	
126.2	515.314721	16	
126.3	517.699437	14	
126.4	520.097100	11	
126.5	522.507785	12	
126.6	524.931567	13	
126.7	527.368521	20	
126.8	529.818723	16	
126.9	532.282248	14	
127.0	534.759173	12	
127.1	537.249575	16	
127.2	539.753531	20	
127.3	542.271119	17	
127.4	544.802417	15	
127.5	547.347504	16	
127.6	549.906459	10	
127.7	552.479361	10	
127.8	555.066291	9	
127.9	557.667328	14	
128.0	560.282553	27	
128.1	562.912049	17	
128.2	565.555896	16	
128.3	568.214178	9	
128.4	570.886975	12	
128.5	573.574373	11	
128.6	576.276454	13	
128.7	578.993302	11	
128.8	581.725002	17	
128.9	584.471640	11	
129.0	587.233300	17	
129.1	590.010069	16	
129.2	592.802033	15	
129.3	595.609280	11	
129.4	598.431896	23	
129.5	601.269970	12	
129.6	604.123590	26	
129.7	606.992845	15	
129.8	609.877825	18	
129.9	612.777360	15	
130.0	615.694080	12	
130.1	618.626797	14	
130.2	621.575601	24	
130.3	624.540585	28	
130.4	627.521842	29	
130.5	630.519465	22	
130.6	633.533547	22	
130.7	636.564182	24	
130.8	639.611466	56	
130.9	642.675494	94	
131.0	645.756361	34	
131.1	648.854164	29	
131.2	651.969000	33	
131.3	655.100967	22	
131.4	658.250162	21	
131.5	661.416684	33	
131.6	664.600633	26	
131.7	667.802108	23	
131.8	671.021209	25	
131.9	674.258038	25	
132.0	677.512697	28	
132.1	680.785286	29	
132.2	684.075909	22	
132.3	687.384670	20	
132.4	690.711672	24	
132.5	694.057019	40	
132.6	697.420817	33	
132.7	700.803172	35	
132.8	704.204190	32	
132.9	707.623978	32	
133.0	711.062643	40	
133.1	714.520294	35	
133.2	717.997039	58	
133.3	721.492989	82	
133.4	725.008252	77	
133.5	728.542941	135	
133.6	732.097166	183	
133.7	735.671039	272	
133.8	739.264673	364	
133.9	742.878182	553	
134.0	746.511680	752	
134.1	750.165280	1160	
134.2	753.839100	1557	
134.3	757.533254	1937	
134.4	761.247859	2397	
134.5	764.983034	2522	
134.6	768.738895	3330	
134.7	772.515562	4948	
134.8	776.313154	7128	
134.9	780.131792	8802	
135.0	783.971597	9466