0.1	8.000185	275	
0.2	8.023104	290	
0.3	8.046090	298	
0.4	8.069142	293	
0.5	8.092260	276	
0.6	8.115446	256	
0.7	8.138698	270	
0.8	8.162018	213	
0.9	8.185406	233	
1.0	8.208861	189	
1.1	8.232384	158	
1.2	8.255975	150	
1.3	8.279716	133	
1.4	8.303444	120	
1.5	8.327241	122	
1.6	8.351107	108	
1.7	8.375042	95	
1.8	8.399046	83	
1.9	8.423120	83	
2.0	8.447264	91	
2.1	8.471395	84	
2.2	8.495678	72	
2.3	8.520032	58	
2.4	8.544456	71	
2.5	8.568951	79	
2.6	8.593517	78	
2.7	8.618239	73	
2.8	8.642948	74	
2.9	8.667729	65	
3.0	8.692581	58	
3.1	8.717506	68	
3.2	8.742417	71	
3.3	8.767486	54	
3.4	8.792627	68	
3.5	8.817841	67	
3.6	8.843129	58	
3.7	8.868577	57	
3.8	8.894012	68	
3.9	8.919521	64	
4.0	8.945103	48	
4.1	8.970672	46	
4.2	8.996403	56	
4.3	9.022208	52	
4.4	9.048088	54	
4.5	9.074133	57	
4.6	9.100164	63	
4.7	9.126271	53	
4.8	9.152364	60	
4.9	9.178622	71	
5.0	9.204956	58	
5.1	9.231367	74	
5.2	9.257945	69	
5.3	9.284510	72	
5.4	9.311152	84	
5.5	9.337779	100	
5.6	9.364575	113	
5.7	9.391449	113	
5.8	9.418494	109	
5.9	9.445525	114	
6.0	9.472634	117	
6.1	9.499730	133	
6.2	9.526996	126	
6.3	9.554342	163	
6.4	9.581861	155	
6.5	9.609367	149	
6.6	9.636858	159	
6.7	9.664523	170	
6.8	9.692268	196	
6.9	9.720189	177	
7.0	9.748097	189	
7.1	9.776086	190	
7.2	9.804060	163	
7.3	9.832211	209	
7.4	9.860540	210	
7.5	9.888856	195	
7.6	9.917254	169	
7.7	9.945637	160	
7.8	9.974199	190	
7.9	10.002943	193	
8.0	10.031673	158	
8.1	10.060388	182	
8.2	10.089284	189	
8.3	10.118363	203	
8.4	10.147429	208	
8.5	10.176580	194	
8.6	10.205715	209	
8.7	10.235034	186	
8.8	10.264539	212	
8.9	10.294030	173	
9.0	10.323506	193	
9.1	10.353168	182	
9.2	10.383018	161	
9.3	10.412855	186	
9.4	10.442675	153	
9.5	10.472684	134	
9.6	10.502883	128	
9.7	10.533069	130	
9.8	10.563239	120	
9.9	10.593599	110	
10.0	10.624151	101	
10.1	10.654690	114	
10.2	10.685213	90	
10.3	10.715928	118	
10.4	10.746839	103	
10.5	10.777630	93	
10.6	10.808615	96	
10.7	10.839795	81	
10.8	10.870963	82	
10.9	10.902114	92	
11.0	10.933462	71	
11.1	10.965008	91	
11.2	10.996541	91	
11.3	11.028057	97	
11.4	11.059879	84	
11.5	11.091688	88	
11.6	11.123481	94	
11.7	11.155474	89	
11.8	11.187671	92	
11.9	11.219744	109	
12.0	11.252018	125	
12.1	11.284496	123	
12.2	11.316961	146	
12.3	11.349409	167	
12.4	11.382172	233	
12.5	11.414922	262	
12.6	11.447655	309	
12.7	11.480706	360	
12.8	11.513743	485	
12.9	11.546764	626	
13.0	11.579993	714	
13.1	11.613433	828	
13.2	11.646745	964	
13.3	11.680265	997	
13.4	11.713999	1099	
13.5	11.747604	1302	
13.6	11.781419	1428	
13.7	11.815449	1682	
13.8	11.849349	1695	
13.9	11.883462	1865	
14.0	11.917792	2189	
14.1	11.951990	2445	
14.2	11.986402	2823	
14.3	12.021035	3520	
14.4	12.055533	4318	
14.5	12.090366	5250	
14.6	12.125186	5805	
14.7	12.159988	7155	
14.8	12.195128	8215	
14.9	12.230254	9329	
15.0	12.265362	10704	
15.1	12.300811	12383	
15.2	12.336127	14186	
15.3	12.371663	16115	
15.4	12.407426	17894	
15.5	12.443052	20070	
15.6	12.479022	22203	
15.7	12.514979	24478	
15.8	12.550918	26879	
15.9	12.587206	29395	
16.0	12.623358	31132	
16.1	12.659735	33868	
16.2	12.696344	35703	
16.3	12.732813	38069	
16.4	12.769635	41122	
16.5	12.806444	43430	
16.6	12.843234	46631	
16.7	12.880382	49267	
16.8	12.917389	52478	
16.9	12.954753	55182	
17.0	12.992105	57814	
17.1	13.029437	59733	
17.2	13.067132	61451	
17.3	13.104685	63738	
17.4	13.142601	65473	
17.5	13.180503	67031	
17.6	13.218386	68654	
17.7	13.256637	69436	
17.8	13.294745	70974	
17.9	13.333219	72460	
18.0	13.371681	73790	
18.1	13.410123	74459	
18.2	13.448939	75965	
18.3	13.487608	76891	
18.4	13.526652	77280	
18.5	13.565550	78938	
18.6	13.604690	79256	
18.7	13.644081	79487	
18.8	13.683320	79866	
18.9	13.722941	80414	
19.0	13.762413	79804	
19.1	13.802266	79558	
19.2	13.841971	80578	
19.3	13.882057	79102	
19.4	13.922131	79805	
19.5	13.962185	79822	
19.6	14.002628	80317	
19.7	14.042919	78595	
19.8	14.083599	78682	
19.9	14.124128	78256	
20.0	14.165047	78225	
20.1	14.205816	77328	
20.2	14.246838	76640	
20.3	14.288123	76200	
20.4	14.329249	73737	
20.5	14.370776	71407	
20.6	14.412146	67782	
20.7	14.453917	61551	
20.8	14.495531	56668	
20.9	14.537547	53395	
21.0	14.579408	50791	
21.1	14.621671	47103	
21.2	14.663780	43733	
21.3	14.706292	39666	
21.4	14.748649	35238	
21.5	14.791269	31707	
21.6	14.834162	28885	
21.7	14.876891	26326	
21.8	14.920036	23768	
21.9	14.963018	20718	
22.0	15.006417	18550	
22.1	15.049653	16046	
22.2	15.093309	14135	
22.3	15.136801	12343	
22.4	15.180713	10555	
22.5	15.224462	9213	
22.6	15.268635	7664	
22.7	15.312642	6471	
22.8	15.357075	5746	
22.9	15.401343	4882	
23.0	15.446039	4118	
23.1	15.490569	3702	
23.2	15.535528	3280	
23.3	15.580322	2976	
23.4	15.625547	2745	
23.5	15.670605	2686	
23.6	15.716098	2557	
23.7	15.761423	2593	
23.8	15.807185	2702	
23.9	15.852778	2871	
24.0	15.898811	3081	
24.1	15.944674	3203	
24.2	15.990979	3489	
24.3	16.037114	3804	
24.4	16.083693	4064	
24.5	16.130101	4349	
24.6	16.176956	4834	
24.7	16.223639	5282	
24.8	16.270772	6050	
24.9	16.317731	6582	
25.0	16.365144	7264	
25.1	16.412380	8093	
25.2	16.460075	8853	
25.3	16.507591	9810	
25.4	16.555569	10859	
25.5	16.603525	11792	
25.6	16.651470	12818	
25.7	16.699870	13631	
25.8	16.748098	14367	
25.9	16.796787	15777	
26.0	16.845300	16678	
26.1	16.894278	17074	
26.2	16.943079	18492	
26.3	16.992349	19491	
26.4	17.041438	20520	
26.5	17.091001	21300	
26.6	17.140381	22195	
26.7	17.190240	23432	
26.8	17.239912	23975	
26.9	17.289902	24887	
27.0	17.340201	25874	
27.1	17.390322	26634	
27.2	17.440921	27144	
27.3	17.491338	27475	
27.4	17.542239	28090	
27.5	17.592954	28487	
27.6	17.644160	28514	
27.7	17.695175	28619	
27.8	17.746517	28706	
27.9	17.798176	28879	
28.0	17.849652	29096	
28.1	17.901619	28685	
28.2	17.953400	28029	
28.3	18.005679	27983	
28.4	18.057766	27303	
28.5	18.110358	26939	
28.6	18.162927	26299	
28.7	18.215485	25618	
28.8	18.268543	24205	
28.9	18.321412	23793	
29.0	18.374789	22676	
29.1	18.427970	21937	
29.2	18.481667	20781	
29.3	18.535341	19891	
29.4	18.589004	19182	
29.5	18.643177	18373	
29.6	18.697157	17534	
29.7	18.751657	16606	
29.8	18.805956	15755	
29.9	18.860603	15213	
30.0	18.915586	14269	
30.1	18.970377	13518	
30.2	19.025692	13099	
30.3	19.080806	12537	
30.4	19.136455	11850	
30.5	19.192079	11652	
30.6	19.247693	11229	
30.7	19.303836	10834	
30.8	19.359778	10644	
30.9	19.416261	10534	
31.0	19.472721	10545	
31.1	19.529169	10548	
31.2	19.586155	10417	
31.3	19.642938	10572	
31.4	19.700268	10689	
31.5	19.757576	11022	
31.6	19.814872	11061	
31.7	19.872715	11274	
31.8	19.930350	11119	
31.9	19.988353	11661	
32.0	20.046712	11690	
32.1	20.104869	11903	
32.2	20.163582	11929	
32.3	20.222083	12068	
32.4	20.280958	11835	
32.5	20.340196	12344	
32.6	20.399227	12183	
32.7	20.458825	12601	
32.8	20.518401	11396	
32.9	20.577967	12013	
33.0	20.638098	12170	
33.1	20.698016	12318	
33.2	20.758316	12406	
33.3	20.818987	12230	
33.4	20.879448	11950	
33.5	20.940488	11740	
33.6	21.001507	11145	
33.7	21.062516	11012	
33.8	21.124104	10900	
33.9	21.185474	10617	
34.0	21.247235	10256	
34.1	21.309377	10094	
34.2	21.371303	9699	
34.3	21.433824	9525	
34.4	21.496322	9225	
34.5	21.558811	8584	
34.6	21.621894	8665	
34.7	21.684957	8237	
34.8	21.748012	8237	
34.9	21.811663	7575	
35.0	21.875091	7589	
35.1	21.938924	7322	
35.2	22.003149	6977	
35.3	22.067152	6821	
35.4	22.131562	6529	
35.5	22.196367	6501	
35.6	22.260951	6306	
35.7	22.326153	6271	
35.8	22.391333	6021	
35.9	22.456504	6066	
36.0	22.522296	5792	
36.1	22.588066	5717	
36.2	22.653828	5614	
36.3	22.720215	5579	
36.4	22.786582	5445	
36.5	22.852941	5389	
36.6	22.919929	5287	
36.7	22.986897	5134	
36.8	23.053859	5165	
36.9	23.121454	4980	
37.0	23.189030	4804	
37.1	23.256601	4735	
37.2	23.324809	4536	
37.3	23.392998	4613	
37.4	23.461182	4426	
37.5	23.530010	4438	
37.6	23.598819	4324	
37.7	23.667623	4204	
37.8	23.737076	4095	
37.9	23.806511	4037	
38.0	23.875940	3919	
38.1	23.946024	3884	
38.2	24.016091	3705	
38.3	24.086151	3494	
38.4	24.156874	3666	
38.5	24.227578	3434	
38.6	24.298275	3284	
38.7	24.369643	3310	
38.8	24.440991	3140	
38.9	24.512331	2939	
39.0	24.584351	3050	
39.1	24.656349	2879	
39.2	24.728338	2751	
39.3	24.800782	2758	
39.4	24.873669	2682	
39.5	24.946314	2544	
39.6	25.019418	2620	
39.7	25.092973	2569	
39.8	25.166278	2439	
39.9	25.240050	2410	
40.0	25.314278	2448	
40.1	25.388489	2315	
40.2	25.462696	2236	
40.3	25.537605	2158	
40.4	25.612494	2114	
40.5	25.687377	2023	
40.6	25.762731	2005	
40.7	25.838547	2017	
40.8	25.914111	1958	
40.9	25.990155	1922	
41.0	26.066667	1824	
41.1	26.143165	1834	
41.2	26.219660	1766	
41.3	26.296876	1761	
41.4	26.374074	1679	
41.5	26.451266	1654	
41.6	26.528945	1660	
41.7	26.607099	1543	
41.8	26.684995	1605	
41.9	26.763386	1512	
42.0	26.842261	1465	
42.1	26.921121	1463	
42.2	26.999977	1350	
42.3	27.079328	1374	
42.4	27.159164	1305	
42.5	27.238739	1278	
42.6	27.318819	1227	
42.7	27.399393	1161	
42.8	27.479953	1196	
42.9	27.560510	1171	
43.0	27.641572	1202	
43.1	27.723130	1175	
43.2	27.804422	1139	
43.3	27.886231	1171	
43.4	27.968545	1028	
43.5	28.050844	1071	
43.6	28.133140	1057	
43.7	28.215954	1027	
43.8	28.299276	1024	
43.9	28.382587	998	
44.0	28.465900	928	
44.1	28.549997	953	
44.2	28.634076	943	
44.3	28.718150	958	
44.4	28.802756	916	
44.5	28.887884	885	
44.6	28.973000	923	
44.7	29.058113	958	
44.8	29.143762	921	
44.9	29.229937	835	
45.0	29.316102	849	
45.1	29.402268	861	
45.2	29.488974	833	
45.3	29.576209	899	
45.4	29.663438	879	
45.5	29.750671	869	
45.6	29.838723	820	
45.7	29.926758	829	
45.8	30.014790	783	
45.9	30.103379	790	
46.0	30.192517	764	
46.1	30.281642	769	
46.2	30.370764	794	
46.3	30.460449	814	
46.4	30.550689	720	
46.5	30.640917	712	
46.6	30.731144	728	
46.7	30.821940	666	
46.8	30.913297	691	
46.9	31.004643	615	
47.0	31.095989	695	
47.1	31.187912	610	
47.2	31.280401	590	
47.3	31.372881	607	
47.4	31.465361	623	
47.5	31.558424	558	
47.6	31.652063	587	
47.7	31.745691	578	
47.8	31.839319	583	
47.9	31.933539	552	
48.0	32.028343	537	
48.1	32.123135	512	
48.2	32.217927	548	
48.3	32.313319	567	
48.4	32.409007	525	
48.5	32.505276	557	
48.6	32.601546	520	
48.7	32.697827	457	
48.8	32.794706	483	
48.9	32.892178	462	
49.0	32.989648	524	
49.1	33.087127	480	
49.2	33.185215	470	
49.3	33.283905	519	
49.4	33.382592	473	
49.5	33.481285	492	
49.6	33.580598	482	
49.7	33.680524	456	
49.8	33.780444	473	
49.9	33.880366	475	
50.0	33.980921	474	
50.1	34.081789	451	
50.2	34.183272	445	
50.3	34.284757	457	
50.4	34.386253	435	
50.5	34.488384	437	
50.6	34.591143	414	
50.7	34.693900	426	
50.8	34.796663	432	
50.9	34.900074	407	
51.0	35.003808	381	
51.1	35.108173	363	
51.2	35.212544	393	
51.3	35.316929	381	
51.4	35.421966	363	
51.5	35.527648	356	
51.6	35.633330	369	
51.7	35.739020	377	
51.8	35.845377	365	
51.9	35.952067	343	
52.0	36.059408	334	
52.1	36.166755	334	
52.2	36.274115	313	
52.3	36.382149	331	
52.4	36.490851	299	
52.5	36.599550	298	
52.6	36.708591	277	
52.7	36.817650	322	
52.8	36.927390	258	
52.9	37.037804	273	
53.0	37.148221	301	
53.1	37.258984	276	
53.2	37.369772	310	
53.3	37.481246	257	
53.4	37.593404	291	
53.5	37.705568	310	
53.6	37.817745	284	
53.7	37.930630	268	
53.8	38.043870	278	
53.9	38.157803	254	
54.0	38.271744	270	
54.1	38.385702	255	
54.2	38.500377	257	
54.3	38.615415	267	
54.4	38.731154	248	
54.5	38.846905	231	
54.6	38.962673	255	
54.7	39.079171	251	
54.8	39.196037	235	
54.9	39.313617	212	
55.0	39.431209	221	
55.1	39.549173	228	
55.2	39.667171	244	
55.3	39.785897	239	
55.4	39.905351	225	
55.5	40.024817	195	
55.6	40.144661	205	
55.7	40.264539	233	
55.8	40.385159	184	
55.9	40.506521	187	
56.0	40.627894	215	
56.1	40.749652	188	
56.2	40.871442	204	
56.3	40.993990	207	
56.4	41.116927	210	
56.5	41.240609	178	
56.6	41.364315	203	
56.7	41.488050	168	
56.8	41.612560	181	
56.9	41.737466	159	
57.0	41.863135	164	
57.1	41.988823	143	
57.2	42.114913	185	
57.3	42.241043	173	
57.4	42.367954	163	
57.5	42.495646	173	
57.6	42.623353	198	
57.7	42.751468	164	
57.8	42.879618	152	
57.9	43.008569	160	
58.0	43.137932	167	
58.1	43.268085	161	
58.2	43.398262	154	
58.3	43.528856	138	
58.4	43.659494	154	
58.5	43.790942	141	
58.6	43.922811	126	
58.7	44.055479	165	
58.8	44.188180	145	
58.9	44.321308	143	
59.0	44.454486	156	
59.1	44.588485	137	
59.2	44.723309	139	
59.3	44.858155	140	
59.4	44.993435	121	
59.5	45.128755	127	
59.6	45.264924	130	
59.7	45.401531	113	
59.8	45.538975	128	
59.9	45.676447	134	
60.0	45.814362	107	
60.1	45.952323	142	
60.2	46.091146	127	
60.3	46.230417	126	
60.4	46.370542	119	
60.5	46.510697	104	
60.6	46.651306	118	
60.7	46.791963	133	
60.8	46.933500	119	
60.9	47.075495	110	
61.0	47.218361	85	
61.1	47.361260	108	
61.2	47.504622	109	
61.3	47.648033	116	
61.4	47.792343	132	
61.5	47.937122	112	
61.6	48.082370	109	
61.7	48.228495	108	
61.8	48.374671	103	
61.9	48.521323	108	
62.0	48.668042	105	
62.1	48.815666	103	
62.2	48.963771	93	
62.3	49.112775	92	
62.4	49.261828	90	
62.5	49.411368	108	
62.6	49.560971	122	
62.7	49.711505	102	
62.8	49.862531	93	
62.9	50.014481	104	
63.0	50.166476	121	
63.1	50.318968	92	
63.2	50.471959	92	
63.3	50.625028	92	
63.4	50.779039	95	
63.5	50.933554	96	
63.6	51.089008	72	
63.7	51.244519	88	
63.8	51.400540	94	
63.9	51.556631	98	
64.0	51.713697	91	
64.1	51.871277	85	
64.2	52.029375	92	
64.3	52.188427	92	
64.4	52.347548	85	
64.5	52.507192	70	
64.6	52.666915	73	
64.7	52.827631	85	
64.8	52.988875	78	
64.9	53.150651	75	
65.0	53.313400	68	
65.1	53.476226	85	
65.2	53.639590	81	
65.3	53.803039	59	
65.4	53.967502	86	
65.5	54.132509	76	
65.6	54.298061	77	
65.7	54.464610	63	
65.8	54.631240	66	
65.9	54.798423	60	
66.0	54.965695	80	
66.1	55.134007	61	
66.2	55.302877	74	
66.3	55.472307	62	
66.4	55.642761	69	
66.5	55.813298	64	
66.6	55.984403	76	
66.7	56.156077	73	
66.8	56.327863	72	
66.9	56.500701	43	
67.0	56.674113	61	
67.1	56.848581	73	
67.2	57.023132	73	
67.3	57.198265	69	
67.4	57.373983	68	
67.5	57.549811	55	
67.6	57.726724	57	
67.7	57.904229	60	
67.8	58.082327	55	
67.9	58.261497	63	
68.0	58.440769	64	
68.1	58.620641	59	
68.2	58.801116	55	
68.3	58.981718	51	
68.4	59.163427	59	
68.5	59.345744	69	
68.6	59.528674	64	
68.7	59.712699	46	
68.8	59.896840	61	
68.9	60.081601	45	
69.0	60.266983	45	
69.1	60.452506	60	
69.2	60.639161	39	
69.3	60.826444	55	
69.4	61.014869	44	
69.5	61.203396	40	
69.6	61.392560	46	
69.7	61.582364	66	
69.8	61.772810	53	
69.9	61.963405	45	
70.0	62.155163	46	
70.1	62.347570	56	
70.2	62.540629	47	
70.3	62.734843	50	
70.4	62.929191	45	
70.5	63.124200	39	
70.6	63.319870	48	
70.7	63.515696	44	
70.8	63.712721	49	
70.9	63.910416	38	
71.0	64.108783	39	
71.1	64.308346	42	
71.2	64.508044	46	
71.3	64.708424	43	
71.4	64.909488	33	
71.5	65.110707	43	
71.6	65.313169	44	
71.7	65.516323	35	
71.8	65.720171	51	
71.9	65.924716	32	
72.0	66.130483	45	
72.1	66.336409	46	
72.2	66.543041	29	
72.3	66.750382	40	
72.4	66.957898	32	
72.5	67.166689	32	
72.6	67.376196	33	
72.7	67.586423	33	
72.8	67.797926	36	
72.9	68.009578	39	
73.0	68.221961	42	
73.1	68.435075	31	
73.2	68.648925	34	
73.3	68.862966	39	
73.4	69.078318	37	
73.5	69.294414	40	
73.6	69.511257	35	
73.7	69.728849	21	
73.8	69.947738	31	
73.9	70.166816	33	
74.0	70.386654	26	
74.1	70.607255	31	
74.2	70.828056	29	
74.3	71.050216	26	
74.4	71.273147	29	
74.5	71.496852	37	
74.6	71.721336	34	
74.7	71.947166	28	
74.8	72.173191	40	
74.9	72.400004	28	
75.0	72.627609	40	
75.1	72.856009	30	
75.2	73.084640	17	
75.3	73.314664	30	
75.4	73.545491	30	
75.5	73.777126	37	
75.6	74.009571	30	
75.7	74.243401	21	
75.8	74.477454	22	
75.9	74.712328	29	
76.0	74.948028	27	
76.1	75.184557	24	
76.2	75.421341	26	
76.3	75.659561	38	
76.4	75.898620	26	
76.5	76.138520	30	
76.6	76.379265	30	
76.7	76.621443	30	
76.8	76.863865	19	
76.9	77.107144	33	
77.0	77.351283	27	
77.1	77.596287	24	
77.2	77.841564	20	
77.3	78.088332	26	
77.4	78.335974	24	
77.5	78.584493	28	
77.6	78.833895	20	
77.7	79.084789	28	
77.8	79.335939	29	
77.9	79.587983	25	
78.0	79.840925	33	
78.1	80.094769	28	
78.2	80.348895	14	
78.3	80.604580	16	
78.4	80.861176	27	
78.5	81.118689	14	
78.6	81.377122	21	
78.7	81.636479	26	
78.8	81.897378	23	
78.9	82.158568	25	
79.0	82.420696	17	
79.1	82.683764	18	
79.2	82.947778	20	
79.3	83.212105	29	
79.4	83.478048	28	
79.5	83.744947	22	
79.6	84.012807	21	
79.7	84.281631	17	
79.8	84.551424	25	
79.9	84.822824	19	
80.0	85.094540	26	
80.1	85.367240	33	
80.2	85.640926	14	
80.3	85.915603	22	
80.4	86.190615	22	
80.5	86.467316	18	
80.6	86.745020	20	
80.7	87.023731	17	
80.8	87.303455	16	
80.9	87.584195	18	
81.0	87.866621	12	
81.1	88.149379	22	
81.2	88.433168	21	
81.3	88.717993	16	
81.4	89.003858	16	
81.5	89.290768	15	
81.6	89.578055	20	
81.7	89.867097	29	
81.8	90.157196	14	
81.9	90.448358	17	
82.0	90.740587	26	
82.1	91.033887	19	
82.2	91.328947	19	
82.3	91.624376	13	
82.4	91.920893	15	
82.5	92.218502	12	
82.6	92.517207	17	
82.7	92.817015	15	
82.8	93.117231	26	
82.9	93.419288	17	
83.0	93.722460	14	
83.1	94.026753	19	
83.2	94.332171	16	
83.3	94.638720	17	
83.4	94.946406	22	
83.5	95.255920	9	
83.6	95.565863	13	
83.7	95.876959	19	
83.8	96.189212	16	
83.9	96.502629	24	
84.0	96.817214	19	
84.1	97.132262	13	
84.2	97.449230	9	
84.3	97.767382	12	
84.4	98.086722	23	
84.5	98.407256	19	
84.6	98.728990	16	
84.7	99.051928	21	
84.8	99.376787	19	
84.9	99.702121	23	
85.0	100.028679	14	
85.1	100.356465	21	
85.2	100.685485	22	
85.3	101.015745	10	
85.4	101.347251	20	
85.5	101.679295	13	
85.6	102.013340	12	
85.7	102.348646	14	
85.8	102.685220	12	
85.9	103.023066	17	
86.0	103.362193	12	
86.1	103.702604	15	
86.2	104.045027	16	
86.3	104.387995	15	
86.4	104.732268	14	
86.5	105.077852	20	
86.6	105.424753	17	
86.7	105.772976	13	
86.8	106.122529	18	
86.9	106.472682	23	
87.0	106.824944	19	
87.1	107.178551	9	
87.2	107.533512	19	
87.3	107.889831	14	
87.4	108.247517	15	
87.5	108.606574	21	
87.6	108.967764	18	
87.7	109.329553	11	
87.8	109.692734	13	
87.9	110.057316	11	
88.0	110.423303	8	
88.1	110.790703	15	
88.2	111.159523	13	
88.3	111.528988	13	
88.4	111.900702	16	
88.5	112.273854	19	
88.6	112.648451	19	
88.7	113.024501	15	
88.8	113.402010	14	
88.9	113.780985	18	
89.0	114.161434	18	
89.1	114.544146	15	
89.2	114.927529	15	
89.3	115.312408	26	
89.4	115.698791	20	
89.5	116.086684	17	
89.6	116.476095	10	
89.7	116.867031	19	
89.8	117.259500	20	
89.9	117.652719	18	
90.0	118.048310	14	
90.1	118.445454	12	
90.2	118.844159	14	
90.3	119.244433	17	
90.4	119.646283	12	
90.5	120.049717	12	
90.6	120.454743	20	
90.7	120.862174	11	
90.8	121.270372	13	
90.9	121.680186	21	
91.0	122.091625	15	
91.1	122.504696	20	
91.2	122.919408	14	
91.3	123.335769	21	
91.4	123.753786	14	
91.5	124.172637	19	
91.6	124.594029	18	
91.7	125.017100	9	
91.8	125.441859	14	
91.9	125.868315	13	
92.0	126.296476	13	
92.1	126.726350	13	
92.2	127.157946	11	
92.3	127.591272	11	
92.4	128.027167	19	
92.5	128.463944	16	
92.6	128.902478	15	
92.7	129.342780	11	
92.8	129.784857	19	
92.9	130.228718	19	
93.0	130.674373	7	
93.1	131.121830	14	
93.2	131.571098	11	
93.3	132.021349	13	
93.4	132.474304	17	
93.5	132.929096	17	
93.6	133.385734	5	
93.7	133.844228	12	
93.8	134.304587	16	
93.9	134.766821	18	
94.0	135.230939	11	
94.1	135.696950	18	
94.2	136.165723	13	
94.3	136.635513	10	
94.4	137.107227	9	
94.5	137.580874	9	
94.6	138.056466	10	
94.7	138.534011	6	
94.8	139.013520	21	
94.9	139.495003	11	
95.0	139.978469	15	
95.1	140.463038	20	
95.2	140.950541	12	
95.3	141.440057	14	
95.4	141.931595	9	
95.5	142.425167	11	
95.6	142.920783	12	
95.7	143.418453	16	
95.8	143.918188	10	
95.9	144.419999	12	
96.0	144.923896	11	
96.1	145.430788	12	
96.2	145.938850	12	
96.3	146.449033	17	
96.4	146.961348	9	
96.5	147.475805	15	
96.6	147.992416	11	
96.7	148.511192	8	
96.8	149.032144	19	
96.9	149.555283	10	
97.0	150.080621	12	
97.1	150.607249	19	
97.2	151.137060	16	
97.3	151.669102	14	
97.4	152.203387	23	
97.5	152.739928	17	
97.6	153.278736	19	
97.7	153.819822	14	
97.8	154.363199	12	
97.9	154.908879	17	
98.0	155.456875	16	
98.1	156.007197	7	
98.2	156.560776	10	
98.3	157.115749	8	
98.4	157.673089	20	
98.5	158.232807	19	
98.6	158.794916	7	
98.7	159.359429	14	
98.8	159.926358	6	
98.9	160.495717	10	
99.0	161.067518	15	
99.1	161.641773	18	
99.2	162.218497	9	
99.3	162.796771	16	
99.4	163.378512	9	
99.5	163.962760	14	
99.6	164.549526	11	
99.7	165.138826	11	
99.8	165.730671	18	
99.9	166.325078	12	
100.0	166.922058	10	
100.1	167.521625	11	
100.2	168.123795	10	
100.3	168.728580	7	
100.4	169.336961	17	
100.5	169.946976	14	
100.6	170.559652	11	
100.7	171.175002	12	
100.8	171.793041	15	
100.9	172.413782	12	
101.0	173.037242	16	
101.1	173.663434	13	
101.2	174.292373	9	
101.3	174.924075	13	
101.4	175.558553	11	
101.5	176.195823	9	
101.6	176.834921	14	
101.7	177.477864	15	
101.8	178.123644	12	
101.9	178.772275	9	
102.0	179.423773	15	
102.1	180.078154	15	
102.2	180.735433	11	
102.3	181.395626	8	
102.4	182.058750	13	
102.5	182.724820	13	
102.6	183.393853	17	
102.7	184.065864	13	
102.8	184.740870	13	
102.9	185.419862	24	
103.0	186.100864	12	
103.1	186.784913	13	
103.2	187.472026	9	
103.3	188.162219	7	
103.4	188.855509	12	
103.5	189.551913	10	
103.6	190.251449	18	
103.7	190.954133	16	
103.8	191.659984	14	
103.9	192.369017	14	
104.0	193.081252	15	
104.1	193.796706	13	
104.2	194.514403	8	
104.3	195.236392	11	
104.4	195.961652	9	
104.5	196.690201	9	
104.6	197.422057	11	
104.7	198.157238	12	
104.8	198.895764	27	
104.9	199.637652	23	
105.0	200.382922	16	
105.1	201.131593	14	
105.2	201.883683	14	
105.3	202.639212	9	
105.4	203.398199	6	
105.5	204.161707	20	
105.6	204.927620	17	
105.7	205.697052	10	
105.8	206.470022	16	
105.9	207.246550	9	
106.0	208.026655	11	
106.1	208.810358	9	
106.2	209.597678	11	
106.3	210.388637	7	
106.4	211.183255	11	
106.5	211.981552	14	
106.6	212.783548	11	
106.7	213.589265	12	
106.8	214.398723	9	
106.9	215.211944	8	
107.0	216.027915	15	
107.1	216.848771	12	
107.2	217.673453	8	
107.3	218.501981	14	
107.4	219.334376	17	
107.5	220.170662	6	
107.6	221.010860	15	
107.7	221.854992	10	
107.8	222.703081	15	
107.9	223.555149	14	
108.0	224.411218	7	
108.1	225.271312	12	
108.2	226.135454	16	
108.3	227.003665	21	
108.4	227.875971	10	
108.5	228.753455	11	
108.6	229.633969	5	
108.7	230.518649	15	
108.8	231.407519	8	
108.9	232.300602	12	
109.0	233.197922	17	
109.1	234.099504	14	
109.2	235.005372	13	
109.3	235.915550	16	
109.4	236.830062	15	
109.5	237.748934	7	
109.6	238.672191	16	
109.7	239.599856	14	
109.8	240.531957	17	
109.9	241.468517	21	
110.0	242.409562	15	
110.1	243.354037	9	
110.2	244.304180	4	
110.3	245.258883	16	
110.4	246.218174	16	
110.5	247.182077	7	
110.6	248.150621	19	
110.7	249.123831	7	
110.8	250.101734	13	
110.9	251.084357	14	
111.0	252.071728	12	
111.1	253.063873	11	
111.2	254.060821	6	
111.3	255.062598	11	
111.4	256.069233	13	
111.5	257.080754	4	
111.6	258.097189	15	
111.7	259.118566	14	
111.8	260.146006	18	
111.9	261.177302	19	
112.0	262.213629	11	
112.1	263.255014	9	
112.2	264.301488	11	
112.3	265.353079	15	
112.4	266.409817	6	
112.5	267.471732	9	
112.6	268.538853	17	
112.7	269.611211	13	
112.8	270.688835	20	
112.9	271.771757	10	
113.0	272.860006	14	
113.1	273.953613	16	
113.2	275.052609	16	
113.3	276.157025	9	
113.4	277.266893	17	
113.5	278.382244	13	
113.6	279.502014	9	
113.7	280.628478	9	
113.8	281.760518	23	
113.9	282.898167	10	
114.0	284.041457	12	
114.1	285.190420	10	
114.2	286.345090	4	
114.3	287.505500	11	
114.4	288.671682	10	
114.5	289.843671	11	
114.6	291.021501	12	
114.7	292.205203	10	
114.8	293.394814	9	
114.9	294.590367	18	
115.0	295.791897	10	
115.1	296.999438	16	
115.2	298.213025	13	
115.3	299.432693	9	
115.4	300.659607	16	
115.5	301.891487	10	
115.6	303.129557	9	
115.7	304.373853	16	
115.8	305.624411	18	
115.9	306.881266	17	
116.0	308.144456	14	
116.1	309.414016	12	
116.2	310.689984	9	
116.3	311.972397	12	
116.4	313.261292	10	
116.5	314.556706	11	
116.6	315.858677	17	
116.7	317.167244	14	
116.8	318.482444	14	
116.9	319.804315	18	
117.0	321.132896	19	
117.1	322.468227	9	
117.2	323.809174	15	
117.3	325.158182	12	
117.4	326.514055	14	
117.5	327.876831	11	
117.6	329.246551	9	
117.7	330.623255	19	
117.8	332.006984	9	
117.9	333.397778	16	
118.0	334.795678	14	
118.1	336.200725	13	
118.2	337.612962	18	
118.3	339.032428	11	
118.4	340.459167	11	
118.5	341.893221	14	
118.6	343.334631	13	
118.7	344.783440	13	
118.8	346.239692	8	
118.9	347.703429	12	
119.0	349.175824	6	
119.1	350.654587	8	
119.2	352.140970	13	
119.3	353.635015	11	
119.4	355.136769	8	
119.5	356.646273	15	
119.6	358.163575	11	
119.7	359.688717	12	
119.8	361.221746	17	
119.9	362.762707	14	
120.0	364.311646	11	
120.1	365.868608	19	
120.2	367.433640	16	
120.3	369.006788	15	
120.4	370.587002	8	
120.5	372.176633	16	
120.6	373.774516	13	
120.7	375.380699	14	
120.8	376.995230	12	
120.9	378.618157	13	
121.0	380.249528	13	
121.1	381.889392	15	
121.2	383.538907	10	
121.3	385.195674	6	
121.4	386.861092	3	
121.5	388.535211	11	
121.6	390.217285	8	
121.7	391.910153	9	
121.8	393.610683	11	
121.9	395.320672	8	
122.0	397.038072	10	
122.1	398.765452	11	
122.2	400.501887	12	
122.3	402.247429	15	
122.4	404.002131	11	
122.5	405.766044	11	
122.6	407.540508	14	
122.7	409.323115	14	
122.8	411.115085	13	
122.9	412.916474	9	
123.0	414.727333	8	
123.1	416.547719	12	
123.2	418.377686	5	
123.3	420.217289	14	
123.4	422.066582	8	
123.5	423.925622	12	
123.6	425.794465	10	
123.7	427.673166	9	
123.8	429.561782	13	
123.9	431.460370	11	
124.0	433.368987	12	
124.1	435.287690	18	
124.2	437.216537	10	
124.3	439.155586	15	
124.4	441.104895	14	
124.5	443.064524	8	
124.6	445.034530	7	
124.7	447.014974	10	
124.8	449.005915	10	
124.9	451.007412	21	
125.0	453.019527	12	
125.1	455.042320	12	
125.2	457.075851	17	
125.3	459.120182	14	
125.4	461.175375	16	
125.5	463.241491	17	
125.6	465.318593	14	
125.7	467.406744	12	
125.8	469.506005	13	
125.9	471.616442	9	
126.0	473.738117	15	
126.1	475.871094	14	
126.2	478.015437	11	
126.3	480.171212	8	
126.4	482.338484	8	
126.5	484.517317	12	
126.6	486.707778	11	
126.7	488.909932	12	
126.8	491.123847	12	
126.9	493.349589	15	
127.0	495.587225	11	
127.1	497.836823	23	
127.2	500.098450	15	
127.3	502.372176	17	
127.4	504.658068	10	
127.5	506.956197	17	
127.6	509.266631	11	
127.7	511.589440	9	
127.8	513.924694	14	
127.9	516.272465	20	
128.0	518.632823	20	
128.1	521.005839	18	
128.2	523.391585	17	
128.3	525.790134	26	
128.4	528.201558	16	
128.5	530.625930	20	
128.6	533.063323	14	
128.7	535.513812	17	
128.8	537.977470	22	
128.9	540.454372	27	
129.0	542.944593	22	
129.1	545.448208	23	
129.2	547.965294	22	
129.3	550.495926	27	
129.4	553.040182	21	
129.5	555.598138	33	
129.6	558.169872	26	
129.7	560.755462	56	
129.8	563.354987	47	
129.9	565.968525	48	
130.0	568.596155	40	
130.1	571.237958	47	
130.2	573.894013	48	
130.3	576.564402	63	
130.4	579.249204	54	
130.5	581.948503	62	
130.6	584.662379	85	
130.7	587.390915	73	
130.8	590.134195	109	
130.9	592.892301	107	
131.0	595.665317	96	
131.1	598.453328	99	
131.2	601.256419	142	
131.3	604.074674	126	
131.4	606.908180	130	
131.5	609.757022	153	
131.6	612.621288	145	
131.7	615.501065	161	
131.8	618.396440	202	
131.9	621.307501	213	
132.0	624.234338	199	
132.1	627.175762	264	
132.2	630.134439	258	
132.3	633.109160	296	
132.4	636.100016	357	
132.5	639.107098	395	
132.6	642.130497	427	
132.7	645.170307	464	
132.8	648.226620	481	
132.9	651.299529	571	
133.0	654.389127	612	
133.1	657.495511	684	
133.2	660.618773	742	
133.3	663.759010	845	
133.4	666.916318	1022	
133.5	670.090794	1144	
133.6	673.282533	1385	
133.7	676.491635	1676	
133.8	679.718198	2182	
133.9	682.962319	2509	
134.0	686.224099	3016	
134.1	689.503637	3842	
134.2	692.801034	4766	
134.3	696.116392	6212	
134.4	699.449810	7166	
134.5	702.801393	8148	
134.6	706.171242	8171	
134.7	709.559461	8897	
134.8	712.966155	10566	
134.9	716.391427	13546	
135.0	719.835383	16667